Selection	View	Channel	Begin Time (s)	End Time (s)	Low Freq (Hz)	High Freq (Hz)	Delta Time (s)	Delta Freq (Hz)	Avg Power Density (dB FS/Hz)	Annotation
1	Spectrogram 1	1	2520.007586051	2520.125328120	2324.607	3685.864	0.1177	1361.257	-70.09	Birds
2	Spectrogram 1	1	2520.625731912	2520.684602947	3790.576	4565.445	0.0589	774.869	-66.65	Birds
3	Spectrogram 1	1	2520.728756223	2520.861216050	2722.513	3183.246	0.1325	460.733	-61.66	Birds
4	Spectrogram 1	1	2520.924993004	2521.199724498	2031.414	4691.099	0.2747	2659.686	-70.86	Birds
5	Spectrogram 1	1	2521.940518348	2522.112225532	3685.864	5696.335	0.1717	2010.471	-64.12	Birds
6	Spectrogram 1	1	2522.406580704	2522.622441163	2617.801	3790.576	0.2159	1172.775	-56.12	Birds
7	Spectrogram 1	1	2522.077884095	2522.465451738	3958.115	5675.393	0.3876	1717.277	-61.32	Birds
8	Spectrogram 1	1	2522.583193807	2522.720559554	5717.277	6031.414	0.1374	314.136	-68.71	Birds
9	Spectrogram 1	1	2522.715653634	2522.818677945	3895.288	5214.660	0.1030	1319.372	-69.63	Birds
10	Spectrogram 1	1	2522.848113462	2522.965855531	3225.131	4293.194	0.1177	1068.063	-57.34	Birds
11	Spectrogram 1	1	2522.857925301	2522.990385128	2848.168	3204.188	0.1325	356.021	-59.63	Birds
12	Spectrogram 1	1	2522.627347083	2522.784336508	2136.126	2931.937	0.1570	795.812	-58.07	Birds
13	Spectrogram 1	1	2522.813772025	2522.882454899	4837.696	5277.487	0.0687	439.791	-71.12	Birds
14	Spectrogram 1	1	2522.926608174	2523.010008806	4963.351	5298.429	0.0834	335.079	-69.89	Birds
15	Spectrogram 1	1	2523.049256163	2523.103221278	5026.178	5465.969	0.0540	439.791	-67.98	Birds
16	Spectrogram 1	1	2523.005102887	2523.127750875	3015.707	3790.576	0.1226	774.869	-64.76	Birds
17	Spectrogram 1	1	2521.572574383	2521.651069095	4963.351	5340.314	0.0785	376.963	-74.06	Birds
18	Spectrogram 1	1	2521.695222371	2521.734469727	4900.524	5403.141	0.0392	502.618	-70.01	Birds
19	Spectrogram 1	1	2521.803152601	2521.862023635	4879.581	5277.487	0.0589	397.906	-71.09	Birds
20	Spectrogram 1	1	2522.931514094	2523.039444324	1884.817	3162.304	0.1079	1277.487	-62.95	Birds
21	Spectrogram 1	1	2523.024726565	2523.245492944	2324.607	3078.534	0.2208	753.927	-59.46	Birds
22	Spectrogram 1	1	2523.019820646	2523.211151507	2952.880	5089.005	0.1913	2136.126	-64.65	Birds
23	Spectrogram 1	1	2523.485883001	2523.682119783	2534.031	3832.461	0.1962	1298.429	-70.82	Birds
24	Spectrogram 1	1	2523.211151507	2523.461353404	2408.377	3623.037	0.2502	1214.660	-67.92	Birds
25	Spectrogram 1	1	2523.799861852	2524.879164149	3685.864	5863.874	1.0793	2178.010	-62.87	Birds
26	Spectrogram 1	1	2520.606108234	2520.723850303	418.848	837.696	0.1177	418.848	-69.26	Domestic mammals
27	Spectrogram 1	1	2521.366525762	2521.518609268	418.848	795.812	0.1521	376.963	-68.34	Domestic mammals
28	Spectrogram 1	1	2522.195626164	2522.293744554	376.963	732.984	0.0981	356.021	-67.36	Domestic mammals
29	Spectrogram 1	1	2522.990385128	2523.113033117	418.848	774.869	0.1226	356.021	-69.48	Domestic mammals
30	Spectrogram 1	1	2523.780238173	2523.922509840	481.675	753.927	0.1423	272.251	-69.11	Domestic mammals
31	Spectrogram 1	1	2523.573979227	2523.765310089	4314.136	5298.429	0.1913	984.293	-74.17	Birds
32	Spectrogram 1	1	2524.392285871	2524.549275296	544.503	858.639	0.1570	314.136	-70.56	Domestic mammals
33	Spectrogram 1	1	2525.449469821	2525.981497684	4949.555	5305.638	0.5320	356.083	-72.54	Birds
34	Spectrogram 1	1	2526.185253036	2526.643702578	4985.163	5341.246	0.4584	356.083	-70.59	Birds
35	Spectrogram 1	1	2528.392602680	2528.958589769	5020.772	5376.855	0.5660	356.083	-73.18	Birds
36	Spectrogram 1	1	2529.591180232	2530.395751036	4985.386	5486.430	0.8046	501.044	-73.12	Birds
37	Spectrogram 1	1	2531.151262644	2531.686007873	5010.438	5361.169	0.5347	350.731	-73.42	Birds
38	Spectrogram 1	1	2531.936209770	2532.225659022	5010.438	5311.065	0.2894	300.626	-71.54	Birds
39	Spectrogram 1	1	2532.632850344	2533.486480343	5035.491	5286.013	0.8536	250.522	-71.28	Birds
40	Spectrogram 1	1	2525.501992025	2525.727664324	2379.958	2881.002	0.2257	501.044	-75.01	Birds
41	Spectrogram 1	1	2525.899371507	2526.066172771	2695.082	3206.557	0.1668	511.475	-74.75	Birds
42	Spectrogram 1	1	2526.174103001	2526.743189667	2911.475	3403.279	0.5691	491.803	-74.41	Birds
43	Spectrogram 1	1	2526.787342943	2526.909990932	2596.721	4150.820	0.1226	1554.098	-72.72	Birds
44	Spectrogram 1	1	2526.929614610	2527.042450759	2380.328	3560.656	0.1128	1180.328	-70.89	Birds
45	Spectrogram 1	1	2527.209252023	2527.356429609	2262.295	3914.754	0.1472	1652.459	-72.09	Birds
46	Spectrogram 1	1	2527.008109322	2527.130757311	3344.262	4111.475	0.1226	767.213	-73.88	Birds
47	Spectrogram 1	1	2527.317182253	2527.420206563	3481.967	4170.492	0.1030	688.525	-68.62	Birds
48	Spectrogram 1	1	2527.326994092	2527.483983517	2557.377	3462.295	0.1570	904.918	-73.14	Birds
49	Spectrogram 1	1	2527.493795356	2527.675314379	2990.164	3737.705	0.1815	747.541	-69.70	Birds
50	Spectrogram 1	1	2527.743997252	2527.861739321	3167.213	3934.426	0.1177	767.213	-71.36	Birds
51	Spectrogram 1	1	2527.979481390	2528.053070183	3265.574	4445.902	0.0736	1180.328	-65.57	Birds
52	Spectrogram 1	1	2528.254212884	2528.450449666	2577.049	3324.590	0.1962	747.541	-69.13	Birds
53	Spectrogram 1	1	2528.023634666	2528.200247769	2636.066	3816.393	0.1766	1180.328	-68.98	Birds
54	Spectrogram 1	1	2528.470073344	2528.622156849	2655.738	3049.180	0.1521	393.443	-70.01	Birds
55	Spectrogram 1	1	2528.926323860	2529.063689607	2695.082	4504.918	0.1374	1809.836	-64.48	Birds
56	Spectrogram 1	1	2529.078407366	2529.372762538	4485.246	5429.508	0.2944	944.262	-67.08	Birds
57	Spectrogram 1	1	2529.603340756	2529.868260411	2104.918	4878.689	0.2649	2773.770	-66.55	Birds
58	Spectrogram 1	1	2529.313891504	2529.568999320	2006.557	4918.033	0.2551	2911.475	-62.33	Birds
59	Spectrogram 1	1	2529.068595527	2529.318797423	3481.967	3954.098	0.2502	472.131	-72.04	Birds
60	Spectrogram 1	1	2529.034254090	2529.323703343	2754.098	3324.590	0.2894	570.492	-72.63	Birds
61	Spectrogram 1	1	2526.458646334	2526.556764725	806.557	1160.656	0.0981	354.098	-71.82	Domestic mammals
62	Spectrogram 1	1	2527.189628345	2527.292652655	747.541	1259.016	0.1030	511.475	-71.01	Domestic mammals
63	Spectrogram 1	1	2528.764428516	2528.887076504	963.934	1239.344	0.1226	275.410	-69.76	Domestic mammals
64	Spectrogram 1	1	2529.470880929	2529.613152595	334.426	826.230	0.1423	491.803	-62.95	Domestic mammals
65	Spectrogram 1	1	2529.928742412	2531.214093330	2872.131	4367.213	1.2854	1495.082	-75.12	Birds
66	Spectrogram 1	1	2531.302399882	2531.547695859	4249.180	4898.361	0.2453	649.180	-70.98	Birds
67	Spectrogram 1	1	2531.920545744	2531.999040456	3836.066	4780.328	0.0785	944.262	-72.26	Birds
68	Spectrogram 1	1	2532.077535169	2532.165841720	2793.443	3855.738	0.0883	1062.295	-71.81	Birds
69	Spectrogram 1	1	2532.244336433	2532.420949536	3757.377	4937.705	0.1766	1180.328	-70.45	Birds
70	Spectrogram 1	1	2532.293395628	2532.489632410	2360.656	4032.787	0.1962	1672.131	-69.55	Birds
71	Spectrogram 1	1	2532.514162007	2532.705492869	2537.705	3167.213	0.1913	629.508	-69.24	Birds
72	Spectrogram 1	1	2532.774175743	2532.980224363	2891.803	3737.705	0.2060	845.902	-70.54	Birds
73	Spectrogram 1	1	2532.896823731	2532.990036202	3560.656	4367.213	0.0932	806.557	-72.84	Birds
74	Spectrogram 1	1	2533.132307869	2533.573840627	2852.459	3265.574	0.4415	413.115	-71.32	Birds
75	Spectrogram 1	1	2534.452000224	2534.564836373	668.852	944.262	0.1128	275.410	-68.59	Domestic mammals
76	Spectrogram 1	1	2534.768851690	2535.548892896	4996.721	5311.475	0.7800	314.754	-71.87	Birds
77	Spectrogram 1	1	2536.196474275	2536.799902377	5055.738	5449.180	0.6034	393.443	-71.55	Birds
78	Spectrogram 1	1	2535.416433069	2535.553798816	3757.377	4642.623	0.1374	885.246	-64.59	Birds
79	Spectrogram 1	1	2534.729604334	2534.847346402	2714.754	4150.820	0.1177	1436.066	-74.07	Birds
80	Spectrogram 1	1	2534.896405598	2535.068112782	4131.148	4563.934	0.1717	432.787	-73.22	Birds
81	Spectrogram 1	1	2535.563610655	2535.705882321	2695.082	3167.213	0.1423	472.131	-60.41	Birds
82	Spectrogram 1	1	2535.750035597	2536.024767091	2163.934	4740.984	0.2747	2577.049	-68.05	Birds
83	Spectrogram 1	1	2536.402522895	2536.638007033	4150.820	4957.377	0.2355	806.557	-66.07	Birds
84	Spectrogram 1	1	2536.696878067	2536.819526056	2065.574	3167.213	0.1226	1101.639	-58.99	Birds
85	Spectrogram 1	1	2536.638007033	2536.794996458	3442.623	4878.689	0.1570	1436.066	-63.28	Birds
86	Spectrogram 1	1	2536.044390769	2536.171944677	2734.426	3481.967	0.1276	747.541	-72.65	Birds
87	Spectrogram 1	1	2536.152320999	2536.270063068	3167.213	3836.066	0.1177	668.852	-66.38	Birds
88	Spectrogram 1	1	2536.216097953	2536.373087378	2776.398	4602.484	0.1570	1826.087	-65.87	Birds
89	Spectrogram 1	1	2536.377993297	2536.466299849	2515.528	3409.938	0.0883	894.410	-67.52	Birds
90	Spectrogram 1	1	2536.584041918	2536.765560941	2236.025	3093.168	0.1815	857.143	-60.30	Birds
91	Spectrogram 1	1	2537.727121170	2538.369796629	4900.621	5329.193	0.6427	428.571	-73.17	Birds
92	Spectrogram 1	1	2538.801692191	2539.042082248	3726.708	5776.398	0.2404	2049.689	-58.67	Birds
93	Spectrogram 1	1	2538.767350755	2538.855657306	3559.006	4565.217	0.0883	1006.211	-67.26	Birds
94	Spectrogram 1	1	2539.086235524	2539.532674202	2478.261	5664.596	0.4464	3186.335	-57.86	Birds
95	Spectrogram 1	1	2538.929246099	2539.233413110	2850.932	3223.602	0.3042	372.671	-70.31	Birds
96	Spectrogram 1	1	2539.743628742	2539.925147765	3149.068	4472.050	0.1815	1322.981	-53.51	Birds
97	Spectrogram 1	1	2539.248130869	2539.650416271	2142.857	3354.037	0.4023	1211.180	-62.71	Birds
98	Spectrogram 1	1	2539.552297880	2539.782876098	2086.957	3223.602	0.2306	1136.646	-65.18	Birds
99	Spectrogram 1	1	2539.876088569	2539.969301041	1788.820	3167.702	0.0932	1378.882	-64.55	Birds
100	Spectrogram 1	1	2539.959489202	2540.170443742	2254.658	3409.938	0.2110	1155.280	-64.56	Birds
101	Spectrogram 1	1	2540.052701673	2540.185161500	2590.062	3689.441	0.1325	1099.379	-66.52	Birds
102	Spectrogram 1	1	2540.244032535	2540.479516672	2590.062	3186.335	0.2355	596.273	-66.94	Birds
103	Spectrogram 1	1	2539.974206960	2540.572729143	4900.621	5459.627	0.5985	559.006	-73.91	Birds
104	Spectrogram 1	1	2537.623640648	2537.937619498	2534.161	2925.466	0.3140	391.304	-72.29	Birds
105	Spectrogram 1	1	2540.939586072	2541.057328141	2757.764	4677.019	0.1177	1919.255	-64.48	Amphibians
106	Spectrogram 1	1	2541.086763658	2541.346777394	4192.547	5329.193	0.2600	1136.646	-64.89	Birds
107	Spectrogram 1	1	2541.439989865	2541.807933830	4881.988	5329.193	0.3679	447.205	-72.64	Birds
108	Spectrogram 1	1	2541.989452853	2542.901953886	4900.621	5310.559	0.9125	409.938	-72.50	Birds
109	Spectrogram 1	1	2543.348146648	2543.617972222	4993.789	5291.925	0.2698	298.137	-68.80	Birds
110	Spectrogram 1	1	2544.000633946	2544.741427796	4993.789	5366.460	0.7408	372.671	-69.66	Birds
111	Spectrogram 1	1	2545.182960554	2546.016966875	4975.155	5291.925	0.8340	316.770	-70.23	Birds
112	Spectrogram 1	1	2541.366611337	2541.533412601	2608.696	4695.652	0.1668	2086.957	-61.77	Amphibians
113	Spectrogram 1	1	2541.798332256	2541.950415761	3055.901	3987.578	0.1521	931.677	-65.65	Birds
114	Spectrogram 1	1	2541.925886164	2542.156464382	4043.478	4602.484	0.2306	559.006	-70.92	Birds
115	Spectrogram 1	1	2542.131934784	2542.249676853	2683.230	3577.640	0.1177	894.410	-66.66	Birds
116	Spectrogram 1	1	2542.284018290	2542.544032025	2683.230	3875.776	0.2600	1192.547	-68.15	Birds
117	Spectrogram 1	1	2542.465537313	2542.627432657	3223.602	4677.019	0.1619	1453.416	-62.25	Birds
118	Spectrogram 1	1	2542.632338577	2542.715739209	2832.298	3111.801	0.0834	279.503	-56.14	Birds
119	Spectrogram 1	1	2542.789328002	2543.083683174	1975.155	4863.354	0.2944	2888.199	-66.23	Birds
120	Spectrogram 1	1	2541.239057429	2541.312646222	2813.665	3167.702	0.0736	354.037	-70.33	Birds
121	Spectrogram 1	1	2541.494165245	2541.788520417	2888.199	3204.969	0.2944	316.770	-70.56	Birds
122	Spectrogram 1	1	2539.441844290	2539.559586359	670.807	1490.683	0.1177	819.876	-63.90	Domestic mammals
123	Spectrogram 1	1	2539.912812566	2540.069801991	633.540	1434.783	0.1570	801.242	-56.07	Domestic mammals
124	Spectrogram 1	1	2542.085783856	2542.247679201	559.006	1565.217	0.1619	1006.211	-58.36	Domestic mammals
125	Spectrogram 1	1	2538.855236624	2538.982790532	437.401	722.662	0.1276	285.261	-66.97	Domestic mammals
126	Spectrogram 1	1	2539.645089669	2539.738302140	475.436	760.697	0.0932	285.261	-67.87	Domestic mammals
127	Spectrogram 1	1	2540.376071680	2540.464378232	456.418	722.662	0.0883	266.244	-66.60	Domestic mammals
128	Spectrogram 1	1	2541.116724761	2541.209937232	418.384	817.750	0.0932	399.366	-67.46	Domestic mammals
129	Spectrogram 1	1	2543.314576713	2543.437224701	456.418	817.750	0.1226	361.331	-68.61	Domestic mammals
130	Spectrogram 1	1	2536.547803868	2536.675357776	404.722	728.499	0.1276	323.777	-68.09	Domestic mammals
131	Spectrogram 1	1	2537.357280591	2537.489740418	384.486	728.499	0.1325	344.013	-67.55	Domestic mammals
132	Spectrogram 1	1	2535.743233064	2535.900222489	445.194	829.680	0.1570	384.486	-68.90	Domestic mammals
133	Spectrogram 1	1	2542.451305531	2542.657354151	429.338	1524.150	0.2060	1094.812	-59.76	Domestic mammals
134	Spectrogram 1	1	2544.035917541	2544.168377368	472.272	815.742	0.1325	343.470	-68.53	Domestic mammals
135	Spectrogram 1	1	2544.722746276	2544.894453459	515.206	966.011	0.1717	450.805	-69.41	Domestic mammals
136	Spectrogram 1	1	2547.312195019	2547.449560766	729.875	1545.617	0.1374	815.742	-54.71	Domestic mammals
137	Spectrogram 1	1	2550.113229127	2550.196629759	450.805	858.676	0.0834	407.871	-69.53	Domestic mammals
138	Spectrogram 1	1	2550.966859126	2551.055165677	1073.345	1245.081	0.0883	171.735	-60.81	Domestic mammals
139	Spectrogram 1	1	2551.469278589	2551.704762726	493.739	1051.878	0.2355	558.140	-68.93	Domestic mammals
140	Spectrogram 1	1	2552.715382150	2552.901807093	665.474	1223.614	0.1864	558.140	-65.50	Domestic mammals
141	Spectrogram 1	1	2553.379923062	2553.478041452	601.073	1352.415	0.0981	751.342	-65.05	Domestic mammals
142	Spectrogram 1	1	2553.909762371	2554.047128118	472.272	1223.614	0.1374	751.342	-63.22	Domestic mammals
143	Spectrogram 1	1	2554.366012888	2554.532814152	429.338	1266.547	0.1668	837.209	-64.50	Domestic mammals
144	Spectrogram 1	1	2555.450221105	2555.670987484	515.206	901.610	0.2208	386.404	-69.07	Domestic mammals
145	Spectrogram 1	1	2555.877036105	2556.029119610	364.937	901.610	0.1521	536.673	-70.44	Domestic mammals
146	Spectrogram 1	1	2556.343098461	2556.485370127	407.871	815.742	0.1423	407.871	-69.64	Domestic mammals
147	Spectrogram 1	1	2559.937383998	2560.251362848	407.871	1180.680	0.3140	772.809	-66.03	Domestic mammals
148	Spectrogram 1	1	2560.634024572	2560.908756066	429.338	1288.014	0.2747	858.676	-63.97	Domestic mammals
149	Spectrogram 1	1	2561.104992847	2561.345382904	493.739	1008.945	0.2404	515.206	-68.83	Domestic mammals
150	Spectrogram 1	1	2561.585772962	2561.757480145	622.540	1051.878	0.1717	429.338	-66.92	Domestic mammals
151	Spectrogram 1	1	2561.870316295	2562.149953708	343.470	1223.614	0.2796	880.143	-63.51	Domestic mammals
152	Spectrogram 1	1	2562.656174006	2562.764104235	515.206	729.875	0.1079	214.669	-66.03	Domestic mammals
153	Spectrogram 1	1	2563.392061936	2563.593204637	386.404	794.275	0.2011	407.871	-70.32	Domestic mammals
154	Spectrogram 1	1	2563.735476303	2563.907183487	343.470	686.941	0.1717	343.470	-63.99	Domestic mammals
155	Spectrogram 1	1	2564.222808925	2564.409233868	472.272	751.342	0.1864	279.070	-70.13	Domestic mammals
156	Spectrogram 1	1	2565.071533005	2565.228522430	386.404	815.742	0.1570	429.338	-70.66	Domestic mammals
157	Spectrogram 1	1	2565.934974843	2566.057622831	386.404	966.011	0.1226	579.606	-65.82	Domestic mammals
158	Spectrogram 1	1	2566.489343751	2566.631615417	472.272	772.809	0.1423	300.537	-68.12	Domestic mammals
159	Spectrogram 1	1	2570.274259799	2570.421437385	515.206	923.077	0.1472	407.871	-67.86	Domestic mammals
160	Spectrogram 1	1	2570.941464855	2571.108266120	407.871	858.676	0.1668	450.805	-69.53	Domestic mammals
161	Spectrogram 1	1	2571.363373935	2571.579234395	472.272	751.342	0.2159	279.070	-69.81	Domestic mammals
162	Spectrogram 1	1	2571.868683647	2572.055108590	322.004	665.474	0.1864	343.470	-70.01	Domestic mammals
163	Spectrogram 1	1	2572.309024252	2572.485637356	343.470	686.941	0.1766	343.470	-64.69	Domestic mammals
164	Spectrogram 1	1	2572.789804367	2572.907546436	300.537	644.007	0.1177	343.470	-68.54	Domestic mammals
165	Spectrogram 1	1	2573.236243044	2573.378514711	364.937	644.007	0.1423	279.070	-68.50	Domestic mammals
166	Spectrogram 1	1	2573.496256780	2573.609092929	300.537	644.007	0.1128	343.470	-67.64	Domestic mammals
167	Spectrogram 1	1	2573.653246205	2573.854388906	686.941	1180.680	0.2011	493.739	-67.80	Domestic mammals
168	Spectrogram 1	1	2530.377297447	2530.656934860	388.489	971.223	0.2796	582.734	-67.60	Humans
169	Spectrogram 1	1	2534.692578512	2535.021275121	474.820	971.223	0.3287	496.403	-63.87	Humans
170	Spectrogram 1	1	2535.438278281	2535.619797304	539.568	949.640	0.1815	410.072	-62.90	Humans
171	Spectrogram 1	1	2536.115295177	2536.223225407	561.151	906.475	0.1079	345.324	-64.44	Domestic mammals
172	Spectrogram 1	1	2537.964686073	2538.293382682	388.489	992.806	0.3287	604.317	-66.71	Humans
173	Spectrogram 1	1	2545.457179989	2545.525862862	388.489	1316.547	0.0687	928.058	-63.71	Humans
174	Spectrogram 1	1	2546.747436826	2547.154628148	517.986	992.806	0.4072	474.820	-56.62	Humans
175	Spectrogram 1	1	2548.336954756	2548.837358548	410.072	1014.388	0.5004	604.317	-56.14	Humans
176	Spectrogram 1	1	2545.570016138	2545.673040448	431.655	776.978	0.1030	345.324	-69.08	Domestic mammals
177	Spectrogram 1	1	2546.286280390	2546.418740218	453.237	776.978	0.1325	323.741	-68.52	Domestic mammals
178	Spectrogram 1	1	2549.271741849	2549.438543113	884.892	1230.216	0.1668	345.324	-66.21	Humans
179	Spectrogram 1	1	2551.979984046	2552.293962896	431.655	1014.388	0.3140	582.734	-59.47	Humans
180	Spectrogram 1	1	2554.741245150	2554.966917449	496.403	906.475	0.2257	410.072	-63.38	Humans
181	Spectrogram 1	1	2556.585870896	2556.944003022	366.906	863.309	0.3581	496.403	-65.26	Humans
182	Spectrogram 1	1	2557.169675320	2557.493466010	410.072	1014.388	0.3238	604.317	-56.20	Humans
183	Spectrogram 1	1	2557.950416877	2558.362514118	410.072	1165.468	0.4121	755.396	-61.04	Humans
184	Spectrogram 1	1	2558.441008831	2558.583280497	561.151	1273.381	0.1423	712.230	-62.05	Domestic mammals
185	Spectrogram 1	1	2559.068966531	2559.500687450	431.655	1100.719	0.4317	669.065	-63.13	Humans
186	Spectrogram 1	1	2546.828419186	2547.736014300	4964.029	5417.266	0.9076	453.237	-72.88	Birds
187	Spectrogram 1	1	2549.213396401	2549.919848814	4920.863	5374.101	0.7065	453.237	-72.10	Birds
188	Spectrogram 1	1	2550.199486227	2550.670454503	4985.612	5309.353	0.4710	323.741	-64.60	Birds
189	Spectrogram 1	1	2550.925562318	2551.538802260	5050.360	5352.518	0.6132	302.158	-61.76	Birds
190	Spectrogram 1	1	2552.406378424	2553.166795952	4942.446	5330.935	0.7604	388.489	-72.74	Birds
191	Spectrogram 1	1	2554.108732503	2554.476676468	5028.777	5352.518	0.3679	323.741	-72.38	Birds
192	Spectrogram 1	1	2555.755298459	2556.397973918	5093.525	5374.101	0.6427	280.576	-69.27	Birds
193	Spectrogram 1	1	2557.550865008	2558.252411502	5050.360	5417.266	0.7015	366.906	-71.67	Birds
194	Spectrogram 1	1	2561.613841378	2562.305576032	4920.863	5330.935	0.6917	410.072	-71.97	Birds
195	Spectrogram 1	1	2562.953157411	2563.679233502	4942.446	5374.101	0.7261	431.655	-62.84	Birds
196	Spectrogram 1	1	2564.371247917	2564.935428664	5025.271	5306.859	0.5642	281.588	-71.57	Birds
197	Spectrogram 1	1	2565.690940272	2566.451357800	4916.968	5350.181	0.7604	433.213	-71.88	Birds
198	Spectrogram 1	1	2567.469124935	2568.401249647	4916.968	5350.181	0.9321	433.213	-72.16	Birds
199	Spectrogram 1	1	2573.871278656	2574.592448827	4938.628	5415.162	0.7212	476.534	-73.40	Birds
200	Spectrogram 1	1	2577.670807284	2578.342918261	4938.628	5371.841	0.6721	433.213	-73.65	Birds
201	Spectrogram 1	1	2578.872757571	2579.726387570	4916.968	5350.181	0.8536	433.213	-70.75	Birds
202	Spectrogram 1	1	2579.795070443	2579.991307225	2555.957	3747.292	0.1962	1191.336	-68.06	Birds
203	Spectrogram 1	1	2578.745203663	2578.867851651	2945.848	4787.004	0.1226	1841.155	-64.92	Amphibians
204	Spectrogram 1	1	2579.127865386	2579.265231133	3379.061	4722.022	0.1374	1342.960	-65.16	Amphibians
205	Spectrogram 1	1	2578.858039812	2579.147489065	2880.866	3942.238	0.2894	1061.372	-71.19	Birds
206	Spectrogram 1	1	2579.225983777	2579.368255444	2252.708	2989.170	0.1423	736.462	-63.61	Birds
207	Spectrogram 1	1	2579.363349524	2579.476185673	2945.848	3768.953	0.1128	823.105	-72.97	Birds
208	Spectrogram 1	1	2579.603739581	2579.736199409	2425.993	3465.704	0.1325	1039.711	-72.33	Birds
209	Spectrogram 1	1	2576.689623377	2576.792647688	3314.079	4700.361	0.1030	1386.282	-68.01	Birds
210	Spectrogram 1	1	2576.719058895	2576.964354871	2469.314	3617.329	0.2453	1148.014	-68.83	Birds
211	Spectrogram 1	1	2577.131156136	2577.273427802	2339.350	4375.451	0.1423	2036.101	-69.36	Birds
212	Spectrogram 1	1	2577.258710044	2577.445134986	3162.455	4332.130	0.1864	1169.675	-70.19	Birds
213	Spectrogram 1	1	2577.484382342	2577.636465848	2555.957	3985.560	0.1521	1429.603	-67.50	Birds
214	Spectrogram 1	1	2577.700242802	2577.906291422	2664.260	3487.365	0.2060	823.105	-65.10	Birds
215	Spectrogram 1	1	2576.983978550	2577.131156136	3140.794	4288.809	0.1472	1148.014	-72.05	Birds
216	Spectrogram 1	1	2578.357636019	2578.504813605	2642.599	3747.292	0.1472	1104.693	-74.85	Birds
217	Spectrogram 1	1	2575.008505690	2575.194930632	2490.975	3790.614	0.1864	1299.639	-73.68	Birds
218	Spectrogram 1	1	2575.229272069	2575.391167414	2707.581	3725.632	0.1619	1018.051	-73.77	Birds
219	Spectrogram 1	1	2575.430414770	2575.553062759	2794.224	3877.256	0.1226	1083.032	-71.02	Birds
220	Spectrogram 1	1	2575.602121954	2575.749299540	2989.170	3747.292	0.1472	758.123	-73.32	Birds
221	Spectrogram 1	1	2575.734581781	2575.852323850	2880.866	3768.953	0.1177	888.087	-69.09	Birds
222	Spectrogram 1	1	2575.646275230	2575.881759367	4288.809	4895.307	0.2355	606.498	-74.36	Birds
223	Spectrogram 1	1	2572.108827454	2572.314876074	2794.224	4158.845	0.2060	1364.621	-69.51	Birds
224	Spectrogram 1	1	2572.506206936	2572.633760844	2599.278	3682.310	0.1276	1083.032	-67.53	Birds
225	Spectrogram 1	1	2572.668102281	2572.893774579	2447.653	3682.310	0.2257	1234.657	-67.77	Birds
226	Spectrogram 1	1	2573.001704809	2573.364742855	2339.350	3184.116	0.3630	844.765	-72.06	Birds
227	Spectrogram 1	1	2572.731879235	2573.040952165	4505.415	5393.502	0.3091	888.087	-73.65	Birds
228	Spectrogram 1	1	2571.471057914	2572.059768258	4960.289	5306.859	0.5887	346.570	-75.90	Birds
229	Spectrogram 1	1	2570.862723892	2571.054054754	2859.206	3877.256	0.1913	1018.051	-72.76	Birds
230	Spectrogram 1	1	2571.108019869	2571.191420501	2837.545	3638.989	0.0834	801.444	-70.09	Birds
231	Spectrogram 1	1	2570.452308860	2570.712322595	4137.184	5111.913	0.2600	974.729	-66.02	Amphibians
232	Spectrogram 1	1	2570.300225355	2570.452308860	2924.188	4613.718	0.1521	1689.531	-65.34	Amphibians
233	Spectrogram 1	1	2570.702510756	2570.884029779	2187.726	4722.022	0.1815	2534.296	-66.99	Amphibians
234	Spectrogram 1	1	2569.946403914	2570.103393339	2447.653	3855.596	0.1570	1407.942	-68.45	Birds
235	Spectrogram 1	1	2569.495059317	2569.750167133	2036.101	4808.664	0.2551	2772.563	-68.01	Birds
236	Spectrogram 1	1	2569.171268628	2569.298822536	3747.292	4700.361	0.1276	953.069	-62.95	Birds
237	Spectrogram 1	1	2569.102585754	2569.446000122	2772.563	3379.061	0.3434	606.498	-71.27	Birds
238	Spectrogram 1	1	2568.523687249	2568.827854260	3985.560	4678.700	0.3042	693.141	-72.56	Birds
239	Spectrogram 1	1	2567.361545618	2567.729489583	2361.011	3400.722	0.3679	1039.711	-66.74	Birds
240	Spectrogram 1	1	2566.924918779	2567.180026595	2231.047	4245.487	0.2551	2014.440	-70.38	Birds
241	Spectrogram 1	1	2566.655093204	2566.753211595	3335.740	4353.791	0.0981	1018.051	-69.34	Birds
242	Spectrogram 1	1	2567.175120675	2567.283050905	2425.993	3768.953	0.1079	1342.960	-71.40	Birds
243	Spectrogram 1	1	2567.361545618	2567.430228491	3357.401	4093.863	0.0687	736.462	-68.80	Birds
244	Spectrogram 1	1	2566.203748607	2566.267525561	2924.188	4440.433	0.0638	1516.245	-70.00	Birds
245	Spectrogram 1	1	2563.677200047	2563.907778265	1841.155	4483.755	0.2306	2642.599	-57.89	Birds
246	Spectrogram 1	1	2563.814565794	2564.094203207	2339.350	4028.881	0.2796	1689.531	-62.44	Birds
247	Spectrogram 1	1	2563.883248667	2564.099109127	2815.884	3703.971	0.2159	888.087	-67.00	Birds
248	Spectrogram 1	1	2563.912684184	2564.167792000	2967.509	4743.682	0.2551	1776.173	-70.91	Birds
249	Spectrogram 1	1	2564.584795161	2564.800655620	2534.296	3833.935	0.2159	1299.639	-73.92	Birds
250	Spectrogram 1	1	2564.417993896	2564.589701080	1732.852	3768.953	0.1717	2036.101	-75.10	Birds
251	Spectrogram 1	1	2562.415888640	2562.577783985	2837.545	4657.040	0.1619	1819.495	-64.93	Amphibians
252	Spectrogram 1	1	2562.808362203	2562.931010191	3205.776	4787.004	0.1226	1581.227	-57.24	Amphibians
253	Spectrogram 1	1	2562.548348467	2562.764208927	4050.542	5328.520	0.2159	1277.978	-65.19	Amphibians
254	Spectrogram 1	1	2562.700431973	2562.783832605	2079.422	3270.758	0.0834	1191.336	-64.99	Birds
255	Spectrogram 1	1	2562.852515479	2563.141964731	2339.350	3249.097	0.2894	909.747	-63.14	Birds
256	Spectrogram 1	1	2563.029128582	2563.298954156	2534.296	4505.415	0.2698	1971.119	-54.70	Birds
257	Spectrogram 1	1	2563.092905536	2563.495190938	2555.957	5805.054	0.4023	3249.097	-56.81	Birds
258	Spectrogram 1	1	2563.475567259	2563.666898121	2144.404	3270.758	0.1913	1126.354	-60.59	Birds
259	Spectrogram 1	1	2562.778926685	2562.984975306	3898.917	5913.357	0.2060	2014.440	-55.74	Birds
260	Spectrogram 1	1	2561.053655722	2561.112526757	3647.482	4510.791	0.0589	863.309	-68.30	Birds
261	Spectrogram 1	1	2559.552444345	2560.587593367	4899.281	5352.518	1.0351	453.237	-69.51	Birds
262	Spectrogram 1	1	2560.754394631	2560.960443251	2697.842	3647.482	0.2060	949.640	-68.68	Birds
263	Spectrogram 1	1	2560.587593367	2560.749488711	2158.273	3388.489	0.1619	1230.216	-71.61	Birds
264	Spectrogram 1	1	2560.273614516	2560.401168424	3151.079	3863.309	0.1276	712.230	-69.79	Birds
265	Spectrogram 1	1	2559.532820666	2559.665280494	3388.489	4769.784	0.1325	1381.295	-63.26	Amphibians
266	Spectrogram 1	1	2559.944917907	2560.077377735	3431.655	4834.532	0.1325	1402.878	-61.41	Amphibians
267	Spectrogram 1	1	2559.640750896	2559.959635666	4359.712	5460.432	0.3189	1100.719	-63.72	Amphibians
268	Spectrogram 1	1	2559.832081758	2560.101907333	2115.108	4359.712	0.2698	2244.604	-61.12	Birds
269	Spectrogram 1	1	2559.449420034	2559.714339689	2719.424	4618.705	0.2649	1899.281	-62.12	Birds
270	Spectrogram 1	1	2558.988263598	2559.125629345	3820.144	4402.878	0.1374	582.734	-69.10	Birds
271	Spectrogram 1	1	2558.919580725	2559.130535265	2352.518	3129.496	0.2110	776.978	-68.96	Birds
272	Spectrogram 1	1	2558.718438024	2558.826368253	2611.511	3517.986	0.1079	906.475	-70.20	Birds
273	Spectrogram 1	1	2558.520870036	2558.618988427	2913.669	3690.647	0.0981	776.978	-71.40	Birds
274	Spectrogram 1	1	2558.079337278	2558.285385899	2892.086	3625.899	0.2060	733.813	-71.27	Birds
275	Spectrogram 1	1	2557.534780210	2557.637804520	3000.000	4316.547	0.1030	1316.547	-67.59	Birds
276	Spectrogram 1	1	2557.333637509	2557.515156532	3107.914	3733.813	0.1815	625.899	-70.52	Birds
277	Spectrogram 1	1	2557.686863715	2557.834041301	3064.748	3647.482	0.1472	582.734	-73.91	Birds
278	Spectrogram 1	1	2557.941971531	2558.030278083	2568.345	3669.065	0.0883	1100.719	-72.18	Birds
279	Spectrogram 1	1	2557.061955051	2557.145355683	3000.000	5071.942	0.0834	2071.942	-73.39	Birds
280	Spectrogram 1	1	2556.782317638	2556.914777465	3258.993	4877.698	0.1325	1618.705	-72.27	Birds
281	Spectrogram 1	1	2556.615516374	2556.762693960	2676.259	4985.612	0.1472	2309.353	-71.23	Birds
282	Spectrogram 1	1	2556.458526948	2556.546833500	2956.835	5158.273	0.0883	2201.439	-67.73	Birds
283	Spectrogram 1	1	2556.198513213	2556.414373673	2503.597	5050.360	0.2159	2546.763	-66.69	Birds
284	Spectrogram 1	1	2555.874722524	2556.124924420	3712.230	4748.201	0.2502	1035.971	-62.98	Birds
285	Spectrogram 1	1	2555.928687639	2556.134736259	2719.424	3884.892	0.2060	1165.468	-66.01	Birds
286	Spectrogram 1	1	2556.110206661	2556.227948730	2374.101	4208.633	0.1177	1834.532	-64.59	Birds
287	Spectrogram 1	1	2555.786415972	2555.909063960	2201.439	4294.964	0.1226	2093.525	-66.63	Birds
288	Spectrogram 1	1	2555.575461432	2555.707921260	4381.295	4877.698	0.1325	496.403	-63.18	Birds
289	Spectrogram 1	1	2555.133928674	2555.276200340	3884.892	4316.547	0.1423	431.655	-60.47	Birds
290	Spectrogram 1	1	2554.191992123	2554.584465686	2676.259	3561.151	0.3925	884.892	-64.55	Birds
291	Spectrogram 1	1	2554.476535456	2554.623713042	3539.568	4748.201	0.1472	1208.633	-61.94	Amphibians
292	Spectrogram 1	1	2554.859197180	2555.011280686	3323.741	4791.367	0.1521	1467.626	-59.17	Amphibians
293	Spectrogram 1	1	2554.569747927	2554.869009019	4251.799	5438.849	0.2993	1187.050	-64.25	Amphibians
294	Spectrogram 1	1	2553.975326195	2554.039103149	3820.144	4316.547	0.0638	496.403	-63.27	Birds
295	Spectrogram 1	1	2552.986958926	2553.286220018	2719.424	4381.295	0.2993	1661.871	-63.82	Birds
296	Spectrogram 1	1	2552.447307777	2552.658262317	2633.094	3884.892	0.2110	1251.799	-70.80	Birds
297	Spectrogram 1	1	2552.049928295	2552.398248582	2741.007	4187.050	0.3483	1446.043	-63.93	Birds
298	Spectrogram 1	1	2551.794820479	2551.917468467	3021.583	5115.108	0.1226	2093.525	-55.72	Birds
299	Spectrogram 1	1	2551.225733813	2551.853691513	3669.065	5978.417	0.6280	2309.353	-61.30	Birds
300	Spectrogram 1	1	2551.191392376	2551.647642893	2395.683	3496.403	0.4563	1100.719	-62.58	Birds
301	Spectrogram 1	1	2550.892131284	2551.093273985	1964.029	4381.295	0.2011	2417.266	-53.35	Birds
302	Spectrogram 1	1	2551.068744388	2551.314040364	2287.770	3323.741	0.2453	1035.971	-60.15	Birds
303	Spectrogram 1	1	2550.292698455	2550.493841156	4402.878	5654.676	0.2011	1251.799	-60.15	Birds
304	Spectrogram 1	1	2550.430064202	2550.680266098	2352.518	4273.381	0.2502	1920.863	-57.79	Birds
305	Spectrogram 1	1	2550.641018742	2550.910844316	2028.777	3064.748	0.2698	1035.971	-62.07	Birds
306	Spectrogram 1	1	2550.017966961	2550.214203742	3669.065	5741.007	0.1962	2071.942	-60.32	Birds
307	Spectrogram 1	1	2549.640211157	2549.919848570	2115.108	4769.784	0.2796	2654.676	-63.05	Birds
308	Spectrogram 1	1	2549.311514548	2549.439068456	3712.230	4791.367	0.1276	1079.137	-64.10	Birds
309	Spectrogram 1	1	2549.453786215	2549.620587479	2741.007	3215.827	0.1668	474.820	-60.84	Birds
310	Spectrogram 1	1	2548.997535698	2549.375291502	2438.849	3733.813	0.3778	1294.964	-65.46	Birds
311	Spectrogram 1	1	2548.825828514	2548.997535698	4014.388	4597.122	0.1717	582.734	-70.33	Birds
312	Spectrogram 1	1	2547.686639388	2547.819099216	2956.835	4683.453	0.1325	1726.619	-62.96	Amphibians
313	Spectrogram 1	1	2548.064395192	2548.177231342	3474.820	4834.532	0.1128	1359.712	-61.77	Amphibians
314	Spectrogram 1	1	2547.814193296	2548.093830710	3992.806	5244.604	0.2796	1251.799	-67.02	Amphibians
315	Spectrogram 1	1	2546.509218700	2546.734890998	2287.770	3755.396	0.2257	1467.626	-69.88	Birds
316	Spectrogram 1	1	2547.534555883	2547.647392032	2762.590	3690.647	0.1128	928.058	-69.15	Birds
317	Spectrogram 1	1	2548.491210192	2548.554987146	3021.583	3906.475	0.0638	884.892	-65.43	Birds
318	Spectrogram 1	1	2547.407001975	2547.500214446	2460.432	3129.496	0.0932	669.065	-68.02	Birds
319	Spectrogram 1	1	2547.941747204	2548.255726054	2352.518	3172.662	0.3140	820.144	-64.53	Birds
320	Spectrogram 1	1	2546.013020476	2546.170009901	3122.124	4014.159	0.1570	892.035	-71.36	Birds
321	Spectrogram 1	1	2544.580491971	2545.296756224	2676.106	3270.796	0.7163	594.690	-71.60	Birds
322	Spectrogram 1	1	2520.000000000	2579.999979167	6371.681	7433.628	60.0000	1061.947	-56.13	Insects
323	Spectrogram 1	1	2520.888066297	2529.158183684	8707.965	9812.389	8.2701	1104.425	-64.01	Insects
324	Spectrogram 1	1	2530.545787273	2538.482879799	8665.487	9812.389	7.9371	1146.903	-64.34	insects
325	Spectrogram 1	1	2539.370946095	2547.030517904	8665.487	9684.956	7.6596	1019.469	-66.33	Insects
326	Spectrogram 1	1	2552.636436401	2557.964834181	8792.920	9600.000	5.3284	807.080	-65.47	Insects
327	Spectrogram 1	1	2560.018487492	2570.730787195	8792.920	9812.389	10.7123	1019.469	-66.91	Insects
328	Spectrogram 1	1	2574.172044095	2579.167417014	8877.876	9812.389	4.9954	934.513	-64.52	Insects
