Selection	View	Channel	Begin Time (s)	End Time (s)	Low Freq (Hz)	High Freq (Hz)	Delta Time (s)	Delta Freq (Hz)	Avg Power Density (dB FS/Hz)	Annotation
1	Spectrogram 1	1	8400.526087263	8400.687307553	4872.727	5793.939	0.1612	921.212	-63.54	Birds
2	Spectrogram 1	1	8400.644881161	8400.831557286	5284.848	6496.970	0.1867	1212.121	-71.97	Birds
3	Spectrogram 1	1	8401.153997866	8401.425526776	4290.909	5818.182	0.2715	1527.273	-59.95	Birds
4	Spectrogram 1	1	8400.738219223	8401.077630360	2690.909	4630.303	0.3394	1939.394	-63.43	Birds
5	Spectrogram 1	1	8401.366129827	8401.561291231	2181.818	3927.273	0.1952	1745.455	-66.40	Birds
6	Spectrogram 1	1	8402.537098250	8402.732259654	3175.758	5503.030	0.1952	2327.273	-77.89	Birds
7	Spectrogram 1	1	8402.358907403	8402.486186579	2812.121	3200.000	0.1273	387.879	-75.87	Birds
8	Spectrogram 1	1	8400.033941114	8404.081418924	9212.121	9963.636	4.0475	751.515	-66.82	Insects
9	Spectrogram 1	1	8403.470478877	8403.750493065	7296.970	7951.515	0.2800	654.545	-78.06	Birds
10	Spectrogram 1	1	8404.539623959	8405.634224876	2909.091	4048.485	1.0946	1139.394	-78.91	Birds
11	Spectrogram 1	1	8407.729524737	8407.848318635	4896.970	5309.091	0.1188	412.121	-73.23	Birds
12	Spectrogram 1	1	8407.958627254	8408.018024203	3975.758	4509.091	0.0594	533.333	-73.48	Birds
13	Spectrogram 1	1	8407.984083089	8408.298038391	2448.485	3224.242	0.3140	775.758	-66.15	Birds
14	Spectrogram 1	1	8408.340464783	8408.586537858	4290.909	5503.030	0.2461	1212.121	-71.42	Birds
15	Spectrogram 1	1	8408.569567301	8408.773213983	2206.061	4000.000	0.2036	1793.939	-74.40	Birds
16	Spectrogram 1	1	8406.719776604	8408.908978438	703.030	1260.606	2.1892	557.576	-74.79	Birds
17	Spectrogram 1	1	8405.769425420	8413.516484625	8945.455	9963.636	7.7471	1018.182	-71.32	Insects
18	Spectrogram 1	1	8407.245863866	8409.545374320	10206.061	10545.455	2.2995	339.394	-75.20	Insects
19	Spectrogram 1	1	8409.121357187	8414.679214557	266.667	630.303	5.5579	363.636	-66.41	Mammals
20	Spectrogram 1	1	8414.407685648	8414.585876495	4945.455	5503.030	0.1782	557.576	-73.11	Birds
21	Spectrogram 1	1	8414.594361773	8414.772552620	4266.667	4630.303	0.1782	363.636	-72.27	Birds
22	Spectrogram 1	1	8414.687699836	8414.933772910	2690.909	3612.121	0.2461	921.212	-65.08	Birds
23	Spectrogram 1	1	8415.027110973	8415.290154604	4193.939	5842.424	0.2630	1648.485	-65.75	Birds
24	Spectrogram 1	1	8415.307125161	8415.451374894	2569.697	3951.515	0.1442	1381.818	-68.65	Birds
25	Spectrogram 1	1	8414.534964824	8414.713155671	5357.576	6278.788	0.1782	921.212	-78.31	Birds
26	Spectrogram 1	1	8414.822205400	8417.452641713	8484.848	9454.545	2.6304	969.697	-74.50	Insects
27	Spectrogram 1	1	8413.931251165	8417.215053917	9963.636	10690.909	3.2838	727.273	-72.60	Insects
28	Spectrogram 1	1	8417.639317838	8421.118281994	10206.061	10787.879	3.4790	581.818	-70.63	Insects
29	Spectrogram 1	1	8417.944787862	8423.018984362	8751.515	9648.485	5.0742	896.970	-68.77	Insects
30	Spectrogram 1	1	8415.313077475	8415.474297765	509.091	775.758	0.1612	266.667	-73.00	Domestic mammals
31	Spectrogram 1	1	8416.195546432	8416.348281444	412.121	775.758	0.1527	363.636	-72.34	Domestic mammals
32	Spectrogram 1	1	8417.052559553	8417.179838730	412.121	896.970	0.1273	484.848	-71.87	Domestic mammals
33	Spectrogram 1	1	8417.892602117	8418.053822408	533.333	848.485	0.1612	315.152	-71.92	Domestic mammals
34	Spectrogram 1	1	8418.749615239	8418.927806086	436.364	727.273	0.1782	290.909	-73.11	Domestic mammals
35	Spectrogram 1	1	8419.615113638	8419.759363372	509.091	896.970	0.1442	387.879	-72.17	Domestic mammals
36	Spectrogram 1	1	8417.311070932	8417.463805944	1890.909	2303.030	0.1527	412.121	-76.03	Birds
37	Spectrogram 1	1	8418.252936838	8419.814228068	1842.424	2424.242	1.5613	581.818	-78.48	Birds
38	Spectrogram 1	1	8421.094941167	8423.759318593	824.242	1115.152	2.6644	290.909	-71.04	Birds
39	Spectrogram 1	1	8420.755530030	8423.699921644	242.424	630.303	2.9444	387.879	-69.40	Mammals
40	Spectrogram 1	1	8421.196764508	8424.124185566	10109.091	10666.667	2.9274	557.576	-74.54	Insects
41	Spectrogram 1	1	8420.594309740	8420.696133081	2909.091	3563.636	0.1018	654.545	-74.36	Birds
42	Spectrogram 1	1	8423.658089497	8423.768398117	3393.939	3878.788	0.1103	484.848	-76.97	Birds
43	Spectrogram 1	1	8425.847291332	8426.093364406	2690.909	3612.121	0.2461	921.212	-66.23	Birds
44	Spectrogram 1	1	8425.669100485	8425.821835496	5600.000	6521.212	0.1527	921.212	-78.23	Birds
45	Spectrogram 1	1	8425.558791865	8425.736982712	4969.697	5672.727	0.1782	703.030	-77.57	Birds
46	Spectrogram 1	1	8426.220643582	8426.466716657	4266.667	5478.788	0.2461	1212.121	-65.92	Birds
47	Spectrogram 1	1	8426.466716657	8426.653392782	2400.000	4024.242	0.1867	1624.242	-70.92	Birds
48	Spectrogram 1	1	8424.472676226	8431.659707055	8654.545	9866.667	7.1870	1212.121	-71.17	Insects
49	Spectrogram 1	1	8428.282566240	8431.540913157	10109.091	10812.121	3.2583	703.030	-77.21	Insects
50	Spectrogram 1	1	8426.490666813	8427.466473833	727.273	1187.879	0.9758	460.606	-74.21	Birds
51	Spectrogram 1	1	8429.449017627	8429.618723196	3006.061	3345.455	0.1697	339.394	-75.34	Birds
52	Spectrogram 1	1	8430.424824647	8430.679382999	3272.727	3878.788	0.2546	606.061	-77.67	Birds
53	Spectrogram 1	1	8431.196984984	8431.443058058	3103.030	3806.061	0.2461	703.030	-78.67	Birds
54	Spectrogram 1	1	8432.011571713	8432.300071179	3345.455	3878.788	0.2885	533.333	-77.39	Birds
55	Spectrogram 1	1	8432.605541203	8432.715849822	3393.939	3951.515	0.1103	557.576	-79.04	Birds
56	Spectrogram 1	1	8432.792217328	8433.360730983	1284.848	1527.273	0.5685	242.424	-68.30	Birds
57	Spectrogram 1	1	8433.636228168	8440.034128102	8848.485	9842.424	6.3979	993.939	-69.77	Insects
58	Spectrogram 1	1	8436.495766998	8436.699413680	3272.727	4218.182	0.2036	945.455	-77.79	Birds
59	Spectrogram 1	1	8436.595505566	8439.327765220	169.697	654.545	2.7323	484.848	-63.60	Mammals
60	Spectrogram 1	1	8435.313186120	8436.755683453	1793.939	2278.788	1.4425	484.848	-76.70	Birds
61	Spectrogram 1	1	8439.080649742	8439.309752260	3830.303	4363.636	0.2291	533.333	-48.10	Birds
62	Spectrogram 1	1	8439.352178652	8439.555825334	5793.939	6690.909	0.2036	896.970	-59.75	Birds
63	Spectrogram 1	1	8439.445516715	8439.750986738	3466.667	4775.758	0.3055	1309.091	-50.96	Birds
64	Spectrogram 1	1	8439.666133954	8440.166765381	2278.788	7054.545	0.5006	4775.758	-55.83	Birds
65	Spectrogram 1	1	8439.530369499	8439.742501460	7151.515	7830.303	0.2121	678.788	-74.42	Birds
66	Spectrogram 1	1	8440.981352110	8441.168028235	4993.939	5478.788	0.1867	484.848	-75.64	Birds
67	Spectrogram 1	1	8441.286822133	8441.549865765	2666.667	4387.879	0.2630	1721.212	-68.47	Birds
68	Spectrogram 1	1	8441.694115498	8441.940188572	4242.424	5430.303	0.2461	1187.879	-66.30	Birds
69	Spectrogram 1	1	8441.787453561	8442.109894141	2400.000	4072.727	0.3224	1672.727	-76.77	Birds
70	Spectrogram 1	1	8439.841892571	8440.096450924	484.848	727.273	0.2546	242.424	-69.79	Domestic mammals
71	Spectrogram 1	1	8440.741332084	8441.241963511	315.152	775.758	0.5006	460.606	-70.53	Domestic mammals
72	Spectrogram 1	1	8441.538948256	8441.742594939	315.152	800.000	0.2036	484.848	-71.87	Domestic mammals
73	Spectrogram 1	1	8442.328079150	8442.514755276	460.606	703.030	0.1867	242.424	-71.32	Domestic mammals
74	Spectrogram 1	1	8443.091754209	8443.269945056	509.091	848.485	0.1782	339.394	-71.66	Domestic mammals
75	Spectrogram 1	1	8442.341806679	8442.486056412	2787.879	3272.727	0.1442	484.848	-74.78	Birds
76	Spectrogram 1	1	8442.596365032	8442.672732538	2739.394	3393.939	0.0764	654.545	-76.79	Birds
77	Spectrogram 1	1	8444.327361831	8444.658287690	2957.576	4218.182	0.3309	1260.606	-77.66	Birds
78	Spectrogram 1	1	8441.399940773	8446.041388073	8654.545	10012.121	4.6414	1357.576	-70.60	Insects
79	Spectrogram 1	1	8444.980728270	8447.823296543	10303.030	10739.394	2.8426	436.364	-76.00	Insects
80	Spectrogram 1	1	8443.781176835	8444.196955478	2375.758	3272.727	0.4158	896.970	-79.20	Birds
81	Spectrogram 1	1	8446.301304528	8447.726831304	606.061	969.697	1.4255	363.636	-72.35	Mammals
82	Spectrogram 1	1	8448.181445855	8453.849611845	8775.758	9793.939	5.6682	1018.182	-70.35	Insects
83	Spectrogram 1	1	8448.300239753	8448.716018396	2884.848	4000.000	0.4158	1115.152	-78.18	Birds
84	Spectrogram 1	1	8450.268824348	8450.514897422	2739.394	3515.152	0.2461	775.758	-75.41	Birds
85	Spectrogram 1	1	8450.710058826	8450.922190787	4072.727	5406.061	0.2121	1333.333	-73.89	Birds
86	Spectrogram 1	1	8448.868753407	8451.626468896	1430.303	2400.000	2.7577	969.697	-77.40	Birds
87	Spectrogram 1	1	8453.221701241	8454.655713295	3030.303	3903.030	1.4340	872.727	-77.13	Birds
88	Spectrogram 1	1	8450.939161344	8451.439792771	2400.000	3660.606	0.5006	1260.606	-78.18	Birds
89	Spectrogram 1	1	8453.878225157	8456.703822874	10088.710	10741.935	2.8256	653.226	-76.72	Insects
90	Spectrogram 1	1	8456.593514254	8459.999979167	9387.097	9411.290	3.4065	24.194	-71.25	Insects
91	Spectrogram 1	1	8459.325773908	8459.563361704	2661.290	3338.710	0.2376	677.419	-66.89	Birds
92	Spectrogram 1	1	8459.673670323	8459.919743398	4379.032	5637.097	0.2461	1258.065	-67.97	Birds
93	Spectrogram 1	1	8459.868831727	8459.999979167	3266.129	3991.935	0.1311	725.806	-68.33	Birds
94	Spectrogram 1	1	8455.252840262	8455.431031109	4064.516	5467.742	0.1782	1403.226	-79.13	Birds
95	Spectrogram 1	1	8459.079700833	8459.206980010	4790.323	5612.903	0.1273	822.581	-77.91	Birds
