Selection	View	Channel	Begin Time (s)	End Time (s)	Low Freq (Hz)	High Freq (Hz)	Delta Time (s)	Delta Freq (Hz)	Avg Power Density (dB FS/Hz)	Annotation
1	Spectrogram 1	1	15906.549488938	15906.799257584	636.042	1017.668	0.2498	381.625	-64.40	Birds
2	Spectrogram 1	1	15907.076778301	15907.229414696	657.244	932.862	0.1526	275.618	-64.03	Birds
3	Spectrogram 1	1	15908.672522428	15908.908415038	678.445	975.265	0.2359	296.820	-65.68	Birds
4	Spectrogram 1	1	15909.213687828	15909.407952330	551.237	932.862	0.1943	381.625	-67.58	Birds
5	Spectrogram 1	1	15910.518035201	15910.767803847	742.049	975.265	0.2498	233.216	-65.98	Birds
6	Spectrogram 1	1	15911.059200600	15911.156332852	763.251	911.661	0.0971	148.410	-63.30	Birds
7	Spectrogram 1	1	15913.057349768	15913.307118414	805.654	1060.071	0.2498	254.417	-66.53	Birds
8	Spectrogram 1	1	15913.584639131	15913.737275526	763.251	1017.668	0.1526	254.417	-67.29	Birds
9	Spectrogram 1	1	15904.787232380	15905.023124990	593.640	1081.272	0.2359	487.633	-68.23	Birds
10	Spectrogram 1	1	15905.286769672	15905.439406067	551.237	975.265	0.1526	424.028	-69.35	Birds
11	Spectrogram 1	1	15900.901942333	15901.165587014	1823.322	2204.947	0.2636	381.625	-68.65	Birds
12	Spectrogram 1	1	15901.262719266	15901.484735840	1780.919	2586.572	0.2220	805.654	-74.65	Birds
13	Spectrogram 1	1	15902.913967536	15903.163736182	1908.127	2204.947	0.2498	296.820	-64.95	Birds
14	Spectrogram 1	1	15903.302496541	15903.524513115	1759.717	2586.572	0.2220	826.855	-73.42	Birds
15	Spectrogram 1	1	15903.913042120	15904.759480309	1929.329	2586.572	0.8464	657.244	-74.12	Birds
16	Spectrogram 1	1	15905.148009313	15905.356149852	1717.314	2098.940	0.2081	381.625	-65.83	Birds
17	Spectrogram 1	1	15905.023124990	15905.758554892	1865.724	2734.982	0.7354	869.258	-71.72	Birds
18	Spectrogram 1	1	15906.049951646	15906.452356687	1780.919	2522.968	0.4024	742.049	-71.36	Birds
19	Spectrogram 1	1	15901.942645024	15902.345050065	1886.926	2840.989	0.4024	954.064	-77.22	Birds
20	Spectrogram 1	1	15907.382051091	15907.895464419	1844.523	2607.774	0.5134	763.251	-74.39	Birds
21	Spectrogram 1	1	15907.964844598	15908.852910895	2438.163	3031.802	0.8881	593.640	-76.21	Birds
22	Spectrogram 1	1	15909.598069602	15910.139235001	1823.322	2353.357	0.5412	530.035	-74.30	Birds
23	Spectrogram 1	1	15910.833036796	15911.055053370	1992.933	2862.191	0.2220	869.258	-73.38	Birds
24	Spectrogram 1	1	15912.761805784	15912.928318214	1717.314	2353.357	0.1665	636.042	-71.30	Birds
25	Spectrogram 1	1	15913.955144870	15914.510186305	1971.731	2565.371	0.5550	593.640	-73.82	Birds
26	Spectrogram 1	1	15912.081880025	15912.331648671	4727.915	5406.360	0.2498	678.445	-77.97	Birds
27	Spectrogram 1	1	15919.374188998	15919.554577464	657.244	1060.071	0.1804	402.827	-68.43	Birds
28	Spectrogram 1	1	15919.818222146	15920.095742864	636.042	1017.668	0.2775	381.625	-68.10	Birds
29	Spectrogram 1	1	15921.191949699	15921.483346452	657.244	996.466	0.2914	339.223	-66.28	Birds
30	Spectrogram 1	1	15921.663734919	15921.746991134	720.848	975.265	0.0833	254.417	-70.34	Birds
31	Spectrogram 1	1	15923.009710400	15923.287231117	572.438	1060.071	0.2775	487.633	-68.26	Birds
32	Spectrogram 1	1	15923.509247692	15923.786768409	593.640	911.661	0.2775	318.021	-68.60	Birds
33	Spectrogram 1	1	15914.559204546	15914.961609587	2268.551	2777.385	0.4024	508.834	-73.00	Birds
34	Spectrogram 1	1	15915.627659309	15915.988436242	2310.954	2777.385	0.3608	466.431	-73.52	Birds
35	Spectrogram 1	1	15916.529601642	15916.682238036	2183.746	2840.989	0.1526	657.244	-72.12	Birds
36	Spectrogram 1	1	15917.223403436	15917.362163795	1929.329	2141.343	0.1388	212.014	-70.00	Birds
37	Spectrogram 1	1	15917.611932441	15918.513874773	2120.141	2671.378	0.9019	551.237	-76.97	Birds
38	Spectrogram 1	1	15919.055040173	15919.499073321	3795.053	4494.700	0.4440	699.647	-76.61	Birds
39	Spectrogram 1	1	15919.984734577	15920.831172766	2607.774	3201.413	0.8464	593.640	-76.67	Birds
40	Spectrogram 1	1	15919.401941070	15919.623957644	1674.912	2204.947	0.2220	530.035	-72.59	Birds
41	Spectrogram 1	1	15920.151247007	15920.442643761	1208.481	1738.516	0.2914	530.035	-68.54	Birds
42	Spectrogram 1	1	15921.856066088	15922.230719056	1802.120	2077.739	0.3747	275.618	-69.66	Birds
43	Spectrogram 1	1	15921.731181765	15922.091958698	1166.078	1780.919	0.3608	614.841	-67.17	Birds
44	Spectrogram 1	1	15923.431164680	15923.680933326	1028.269	1823.322	0.2498	795.053	-67.04	Birds
45	Spectrogram 1	1	15924.013958187	15924.284540887	1674.912	2448.763	0.2706	773.852	-70.69	Birds
46	Spectrogram 1	1	15924.249850797	15924.360859084	943.463	1526.502	0.1110	583.039	-67.64	Birds
47	Spectrogram 1	1	15925.061598896	15925.269739435	1166.078	1833.922	0.2081	667.845	-64.67	Birds
48	Spectrogram 1	1	15924.506557461	15924.902024484	1855.124	2650.177	0.3955	795.053	-72.50	Birds
49	Spectrogram 1	1	15923.507482877	15923.778065577	1971.731	2565.371	0.2706	593.640	-73.45	Birds
50	Spectrogram 1	1	15922.553800319	15922.692560678	1070.671	1653.710	0.1388	583.039	-70.31	Birds
51	Spectrogram 1	1	15922.761940857	15922.872949144	1229.682	1823.322	0.1110	593.640	-70.33	Birds
52	Spectrogram 1	1	15924.406251110	15924.503383361	1081.272	1749.117	0.0971	667.845	-71.06	Birds
53	Spectrogram 1	1	15925.460829837	15925.585714160	837.456	1431.095	0.1249	593.640	-70.55	Birds
54	Spectrogram 1	1	15925.786916680	15925.897924967	911.661	1590.106	0.1110	678.445	-67.39	Birds
55	Spectrogram 1	1	15925.245751281	15925.557962088	1918.728	3159.011	0.3122	1240.283	-73.34	Birds
56	Spectrogram 1	1	15925.884048931	15926.085251452	1823.322	2247.350	0.2012	424.028	-72.41	Birds
57	Spectrogram 1	1	15926.244825864	15926.390524241	922.261	1303.887	0.1457	381.625	-69.18	Birds
58	Spectrogram 1	1	15924.440941199	15924.656019756	657.244	932.862	0.2151	275.618	-68.31	Birds
59	Spectrogram 1	1	15924.884974348	15925.217999209	710.247	1017.668	0.3330	307.420	-68.32	Birds
60	Spectrogram 1	1	15925.967305147	15926.092189470	1208.481	1685.512	0.1249	477.032	-70.53	Birds
61	Spectrogram 1	1	15926.654168923	15926.834557389	1081.272	1823.322	0.1804	742.049	-65.62	Birds
62	Spectrogram 1	1	15926.806805318	15927.014945856	699.647	985.866	0.2081	286.219	-67.30	Birds
63	Spectrogram 1	1	15926.946998185	15927.113510616	1855.124	2141.343	0.1665	286.219	-71.47	Birds
64	Spectrogram 1	1	15927.335527190	15927.418783405	1049.470	1621.908	0.0833	572.438	-70.38	Birds
65	Spectrogram 1	1	15927.536729710	15927.626923944	1261.484	1982.332	0.0902	720.848	-69.90	Birds
66	Spectrogram 1	1	15927.210642867	15927.439597459	1855.124	2194.346	0.2290	339.223	-73.13	Birds
67	Spectrogram 1	1	15927.710180159	15927.765684303	2056.537	3000.000	0.0555	943.463	-70.99	Birds
68	Spectrogram 1	1	15926.579283234	15926.870679988	2130.742	2406.360	0.2914	275.618	-71.15	Birds
69	Spectrogram 1	1	15930.624147695	15930.971048592	561.837	1049.470	0.3469	487.633	-69.11	Birds
70	Spectrogram 1	1	15931.206941202	15931.401205704	604.240	954.064	0.1943	349.823	-69.45	Birds
71	Spectrogram 1	1	15928.868829155	15929.139411855	657.244	1049.470	0.2706	392.226	-69.38	Birds
72	Spectrogram 1	1	15929.389180501	15929.604259057	593.640	985.866	0.2151	392.226	-69.29	Birds
73	Spectrogram 1	1	15927.807312410	15927.987700877	773.852	1197.880	0.1804	424.028	-70.82	Birds
74	Spectrogram 1	1	15928.501114204	15928.605184474	848.057	1155.477	0.1041	307.420	-69.39	Birds
75	Spectrogram 1	1	15929.194915999	15929.451622663	1823.322	2321.555	0.2567	498.233	-70.73	v
76	Spectrogram 1	1	15929.514064824	15929.645887165	2618.375	3169.611	0.1318	551.237	-73.28	Birds
77	Spectrogram 1	1	15928.757820868	15929.083907712	2618.375	3561.837	0.3261	943.463	-72.84	Birds
78	Spectrogram 1	1	15927.918320697	15928.292973666	2618.375	3307.420	0.3747	689.046	-73.13	Birds
79	Spectrogram 1	1	15927.862816554	15928.001576913	3752.650	4091.873	0.1388	339.223	-73.95	Birds
80	Spectrogram 1	1	15927.370217280	15927.439597459	2236.749	2692.580	0.0694	455.830	-72.54	Birds
81	Spectrogram 1	1	15926.405832786	15926.530717109	4399.293	5427.562	0.1249	1028.269	-76.13	Birds
82	Spectrogram 1	1	15927.696304123	15927.814250428	5642.802	8102.166	0.1179	2459.364	-66.30	Birds
83	Spectrogram 1	1	15928.972899425	15929.097783748	4943.156	5971.424	0.1249	1028.269	-76.58	Birds
84	Spectrogram 1	1	15932.313063452	15932.542018045	1579.505	2120.141	0.2290	540.636	-71.66	Birds
85	Spectrogram 1	1	15932.576708134	15933.256633893	636.042	1038.869	0.6799	402.827	-68.91	Birds
86	Spectrogram 1	1	15934.415282889	15935.122960719	583.039	975.265	0.7077	392.226	-69.34	Birds
87	Spectrogram 1	1	15934.345902710	15934.678927571	2162.544	2724.382	0.3330	561.837	-71.52	Birds
88	Spectrogram 1	1	15934.651175499	15934.803811894	2130.742	2957.597	0.1526	826.855	-67.06	Birds
89	Spectrogram 1	1	15934.852378019	15935.046642522	2162.544	3021.201	0.1943	858.657	-73.80	Birds
90	Spectrogram 1	1	15933.693729023	15934.068381992	1865.724	2469.965	0.3747	604.240	-72.25	Birds
91	Spectrogram 1	1	15933.145625606	15933.575782718	1886.926	2681.979	0.4302	795.053	-74.93	Birds
92	Spectrogram 1	1	15932.479575883	15932.784848673	1876.872	2306.156	0.3053	429.285	-72.53	Birds
93	Spectrogram 1	1	15930.065145639	15930.564682931	3963.394	4352.745	0.4995	389.351	-77.31	Birds
94	Spectrogram 1	1	15935.096219826	15935.248856221	1816.972	2206.323	0.1526	389.351	-70.36	Birds
95	Spectrogram 1	1	15935.484748831	15935.838587746	1946.755	2445.923	0.3538	499.168	-72.36	Birds
96	Spectrogram 1	1	15936.213240715	15936.657273863	1846.922	2405.990	0.4440	559.068	-74.36	Birds
97	Spectrogram 1	1	15936.712778007	15937.413517819	658.902	1008.319	0.7007	349.418	-68.68	Birds
98	Spectrogram 1	1	15937.295571514	15937.552278178	2026.622	2895.175	0.2567	868.552	-72.92	Birds
99	Spectrogram 1	1	15937.642472411	15937.718790609	2126.456	2625.624	0.0763	499.168	-71.71	Birds
100	Spectrogram 1	1	15937.746542680	15937.906117093	1397.671	2256.240	0.1596	858.569	-68.99	Birds
101	Spectrogram 1	1	15935.290484329	15935.394554598	5851.989	7938.511	0.1041	2086.522	-72.76	Birds
102	Spectrogram 1	1	15937.170687191	15937.330261604	4604.068	5772.122	0.1596	1168.053	-76.66	Birds
103	Spectrogram 1	1	15939.343719347	15939.447789617	2046.589	3124.792	0.1041	1078.203	-65.40	Birds
104	Spectrogram 1	1	15940.134653393	15940.252599698	2136.439	3104.825	0.1179	968.386	-73.11	Birds
105	Spectrogram 1	1	15938.642979535	15938.885810163	1846.922	2605.657	0.2428	758.735	-73.60	Birds
106	Spectrogram 1	1	15938.663793589	15939.399223491	648.918	1028.286	0.7354	379.368	-68.19	Birds
107	Spectrogram 1	1	15940.509306362	15941.223922210	658.902	988.353	0.7146	329.451	-67.69	Birds
108	Spectrogram 1	1	15944.466701208	15945.111936876	698.835	978.369	0.6452	279.534	-67.42	Birds
109	Spectrogram 1	1	15939.589274594	15939.686406845	1317.804	2016.639	0.0971	698.835	-73.47	Birds
110	Spectrogram 1	1	15939.783539096	15939.908423419	1806.988	2256.240	0.1249	449.251	-75.18	Birds
111	Spectrogram 1	1	15941.025444308	15941.198894757	1826.955	2176.373	0.1735	349.418	-68.97	Birds
112	Spectrogram 1	1	15941.233584846	15941.400097277	2915.141	3384.359	0.1665	469.218	-76.75	Birds
113	Spectrogram 1	1	15941.323779080	15941.552733672	1826.955	2156.406	0.2290	329.451	-75.22	Birds
114	Spectrogram 1	1	15941.413973313	15941.608237815	2196.339	2815.308	0.1943	618.968	-76.09	Birds
115	Spectrogram 1	1	15942.461614022	15943.106849691	668.885	1018.303	0.6452	349.418	-69.07	Birds
116	Spectrogram 1	1	15942.565684291	15942.683630596	2376.040	3104.825	0.1179	728.785	-71.99	Birds
117	Spectrogram 1	1	15942.898709153	15943.023593475	2845.258	3194.676	0.1249	349.418	-74.10	Birds
118	Spectrogram 1	1	15942.870957081	15942.947275278	2236.273	2525.790	0.0763	289.517	-72.09	Birds
119	Spectrogram 1	1	15943.349680319	15943.557820857	2116.473	2425.957	0.2081	309.484	-70.00	Birds
120	Spectrogram 1	1	15943.675767162	15943.904721754	1797.005	2086.522	0.2290	289.517	-69.50	Birds
121	Spectrogram 1	1	15944.050420131	15944.223870580	2096.506	3084.859	0.1735	988.353	-71.75	Birds
122	Spectrogram 1	1	15944.293250759	15944.626275620	1886.855	2386.023	0.3330	499.168	-71.85	Birds
123	Spectrogram 1	1	15944.908318687	15945.269095620	2186.356	2575.707	0.3608	389.351	-72.77	Birds
124	Spectrogram 1	1	15945.213591477	15945.470298140	2425.957	3044.925	0.2567	618.968	-75.47	Birds
125	Spectrogram 1	1	15945.602120481	15946.046153630	1757.072	2415.973	0.4440	658.902	-72.25	Birds
126	Spectrogram 1	1	15946.101657773	15946.358364437	1747.088	2206.323	0.2567	459.235	-73.38	Birds
127	Spectrogram 1	1	15946.219604078	15946.691389298	1876.872	2715.474	0.4718	838.602	-72.91	Birds
128	Spectrogram 1	1	15946.823211639	15947.419881182	579.035	978.369	0.5967	399.334	-66.93	Birds
129	Spectrogram 1	1	15947.363759069	15947.558023572	2805.324	3314.476	0.1943	509.151	-75.06	Birds
130	Spectrogram 1	1	15947.301316908	15947.689845913	2306.156	2565.724	0.3885	259.567	-70.87	Birds
131	Spectrogram 1	1	15947.641279787	15947.786978164	1956.739	3264.559	0.1457	1307.820	-68.08	Birds
132	Spectrogram 1	1	15947.995118702	15948.272639420	1876.872	2745.424	0.2775	868.552	-72.37	Birds
133	Spectrogram 1	1	15948.612602299	15949.056635447	1806.988	2376.040	0.4440	569.052	-72.25	Birds
134	Spectrogram 1	1	15948.890123017	15949.715747152	648.918	998.336	0.8256	349.418	-68.17	Birds
135	Spectrogram 1	1	15950.416486964	15950.541371287	2016.639	3084.859	0.1249	1068.220	-69.97	Birds
136	Spectrogram 1	1	15949.854507511	15950.007143905	1956.739	2485.857	0.1526	529.118	-74.36	Birds
137	Spectrogram 1	1	15951.144978848	15951.422499566	1767.055	2425.957	0.2775	658.902	-72.47	Birds
138	Spectrogram 1	1	15951.647240758	15951.737434992	2256.240	2665.557	0.0902	409.318	-71.56	Birds
139	Spectrogram 1	1	15951.862319315	15951.994141655	2156.406	2515.807	0.1318	359.401	-74.59	Birds
140	Spectrogram 1	1	15952.063521835	15952.146778050	2136.439	2485.857	0.0833	349.418	-74.97	Birds
141	Spectrogram 1	1	15952.271662373	15952.396546696	1996.672	2435.940	0.1249	439.268	-74.97	Birds
142	Spectrogram 1	1	15953.319303082	15953.444187405	2156.406	3054.908	0.1249	898.502	-67.64	Birds
143	Spectrogram 1	1	15952.930774078	15953.596823800	668.885	938.436	0.6660	269.551	-67.22	Birds
144	Spectrogram 1	1	15953.340117136	15953.534381639	1836.938	2136.439	0.1943	299.501	-68.16	Birds
145	Spectrogram 1	1	15953.973077829	15954.722383766	3763.727	4252.912	0.7493	489.185	-77.54	Birds
146	Spectrogram 1	1	15954.881958179	15955.443937632	2715.474	3014.975	0.5620	299.501	-76.21	Birds
147	Spectrogram 1	1	15954.909710251	15955.513317812	569.052	968.386	0.6036	399.334	-68.70	Birds
148	Spectrogram 1	1	15954.715445748	15955.138664843	2016.639	2346.090	0.4232	329.451	-73.91	Birds
149	Spectrogram 1	1	15955.471689704	15955.770024476	2236.273	2635.607	0.2983	399.334	-75.32	Birds
150	Spectrogram 1	1	15956.248747714	15956.338941947	1996.672	3034.942	0.0902	1038.270	-64.46	Birds
151	Spectrogram 1	1	15956.484640324	15956.692780862	1806.988	2206.323	0.2081	399.334	-72.59	Birds
152	Spectrogram 1	1	15956.651152754	15956.998053652	2276.206	2755.408	0.3469	479.201	-73.36	Birds
153	Spectrogram 1	1	15957.331078513	15958.038756343	648.918	968.386	0.7077	319.468	-66.75	Birds
154	Spectrogram 1	1	15957.860839685	15958.020414097	2136.439	3044.925	0.1596	908.486	-73.17	Birds
155	Spectrogram 1	1	15958.610145622	15959.130496968	1836.938	2465.890	0.5204	628.952	-69.50	Birds
156	Spectrogram 1	1	15959.199877147	15959.824298762	1846.922	2465.890	0.6244	618.968	-73.71	Birds
157	Spectrogram 1	1	15959.581468134	15959.999979167	539.101	968.386	0.4185	429.285	-67.01	Birds
158	Spectrogram 1	1	15958.235492653	15958.478323281	1826.955	2366.057	0.2428	539.101	-74.24	Birds
159	Spectrogram 1	1	15958.723625717	15958.890138148	4798.841	5148.258	0.1665	349.418	-75.63	Birds
160	Spectrogram 1	1	15959.098278686	15959.257853099	4758.907	5697.343	0.1596	938.436	-76.73	Birds
161	Spectrogram 1	1	15947.479486220	15947.583556489	6711.331	7699.683	0.1041	988.353	-67.31	
