Selection	View	Channel	Begin Time (s)	End Time (s)	Low Freq (Hz)	High Freq (Hz)	Delta Time (s)	Delta Freq (Hz)	Avg Power Density (dB FS/Hz)	Annotation
1	Spectrogram 1	1	40380.686828735	40386.279577005	8251.429	8982.857	5.5927	731.429	-68.02	Insects
2	Spectrogram 1	1	40394.541145502	40399.486312394	8388.571	9142.857	4.9452	754.286	-69.58	Insects
3	Spectrogram 1	1	40408.383629470	40413.917506705	8297.143	9051.429	5.5339	754.286	-68.14	Insects
4	Spectrogram 1	1	40423.120405434	40428.222561750	8342.857	8960.000	5.1022	617.143	-68.82	Insects
5	Spectrogram 1	1	40436.436620114	40439.999979167	8411.429	8960.000	3.5634	548.571	-68.48	Insects
6	Spectrogram 1	1	40381.334410114	40382.040862527	6765.714	7268.571	0.7065	502.857	-71.94	Birds
7	Spectrogram 1	1	40380.333602528	40380.588710344	2765.714	3520.000	0.2551	754.286	-71.01	Birds
8	Spectrogram 1	1	40380.000000000	40380.117742069	2560.000	3085.714	0.1177	525.714	-70.01	Birds
9	Spectrogram 1	1	40383.394896318	40383.650004134	4800.000	5302.857	0.2551	502.857	-64.91	Birds
10	Spectrogram 1	1	40384.081725053	40384.474198616	3245.714	5965.714	0.3925	2720.000	-67.27	Birds
11	Spectrogram 1	1	40383.728498847	40384.062101375	3794.286	5302.857	0.3336	1508.571	-66.72	Birds
12	Spectrogram 1	1	40385.416135167	40385.631995626	4342.857	5462.857	0.2159	1120.000	-68.58	Birds
13	Spectrogram 1	1	40385.141403673	40385.533877236	4114.286	4662.857	0.3925	548.571	-67.72	Birds
14	Spectrogram 1	1	40385.710490339	40386.024469189	4160.000	4982.857	0.3140	822.857	-67.73	Birds
15	Spectrogram 1	1	40385.769361373	40386.259953327	2148.571	3520.000	0.4906	1371.429	-69.71	Birds
16	Spectrogram 1	1	40384.945166891	40385.219898385	5051.429	5417.143	0.2747	365.714	-72.82	Birds
17	Spectrogram 1	1	40384.199467122	40384.474198616	2491.429	3222.857	0.2747	731.429	-70.72	Birds
18	Spectrogram 1	1	40388.281192175	40388.497052635	3840.000	4434.286	0.2159	594.286	-72.08	Birds
19	Spectrogram 1	1	40390.930388724	40391.343159514	3382.857	4571.429	0.4128	1188.571	-72.06	Birds
20	Spectrogram 1	1	40394.718432154	40394.895045258	3245.714	3702.857	0.1766	457.143	-72.36	Birds
21	Spectrogram 1	1	40397.209247114	40397.425107573	4535.780	5460.550	0.2159	924.771	-72.15	Birds
22	Spectrogram 1	1	40392.359856892	40392.605152868	2642.202	4348.624	0.2453	1706.422	-72.88	Birds
23	Spectrogram 1	1	40396.942867555	40397.090045141	2972.477	3368.807	0.1472	396.330	-70.63	Birds
24	Spectrogram 1	1	40397.688567324	40397.806309393	4348.624	5097.248	0.1177	748.624	-69.68	Birds
25	Spectrogram 1	1	40397.904427784	40398.081040887	4139.450	4943.119	0.1766	803.670	-71.36	Birds
26	Spectrogram 1	1	40397.502142382	40397.816121232	2807.339	3148.624	0.3140	341.284	-70.01	Birds
27	Spectrogram 1	1	40399.238837898	40399.444886518	3930.275	4855.046	0.2060	924.771	-72.30	Birds
28	Spectrogram 1	1	40400.347575712	40400.484941459	4480.734	4855.046	0.1374	374.312	-68.47	Birds
29	Spectrogram 1	1	40400.592871689	40400.740049275	3699.083	4260.550	0.1472	561.468	-67.67	Birds
30	Spectrogram 1	1	40399.621499621	40400.131715253	4128.440	4744.954	0.5102	616.514	-69.93	Birds
31	Spectrogram 1	1	40400.445694103	40400.553624333	2906.422	3555.963	0.1079	649.541	-69.85	Birds
32	Spectrogram 1	1	40400.740049275	40400.808732149	2234.862	3126.606	0.0687	891.743	-71.51	Birds
33	Spectrogram 1	1	40395.127677327	40395.323914109	2433.028	2851.376	0.1962	418.349	-72.07	Birds
34	Spectrogram 1	1	40401.023764932	40401.524168725	6717.296	7223.718	0.5004	506.422	-71.79	Birds
35	Spectrogram 1	1	40399.330305559	40399.374458834	1790.472	3767.776	0.0442	1977.304	-68.95	Birds
36	Spectrogram 1	1	40399.448047627	40399.531448260	2864.756	3783.346	0.0834	918.590	-71.88	Birds
37	Spectrogram 1	1	40399.703155443	40399.845427110	2615.646	3907.900	0.1423	1292.254	-72.59	Birds
38	Spectrogram 1	1	40401.591303550	40401.841505446	3658.791	6663.671	0.2502	3004.879	-71.94	Birds
39	Spectrogram 1	1	40401.169394470	40401.517714757	3876.762	5807.358	0.3483	1930.596	-72.78	Birds
40	Spectrogram 1	1	40405.934968748	40406.474619897	3456.390	6554.685	0.5397	3098.295	-71.43	Birds
41	Spectrogram 1	1	40408.010172712	40408.559635699	6601.393	7177.458	0.5495	576.065	-71.36	Birds
42	Spectrogram 1	1	40380.201142701	40380.412097241	46.967	500.976	0.2110	454.010	-61.33	Domestic mammals
43	Spectrogram 1	1	40383.399802238	40383.802087640	62.622	532.287	0.4023	469.665	-57.20	Domestic mammals
44	Spectrogram 1	1	40383.949265226	40384.645905800	62.622	532.287	0.6966	469.665	-56.51	Domestic mammals
45	Spectrogram 1	1	40384.879146400	40385.212748928	0.000	532.287	0.3336	532.287	-60.29	Domestic mammals
46	Spectrogram 1	1	40386.944538524	40387.577402144	78.278	673.187	0.6329	594.909	-59.26	Domestic mammals
47	Spectrogram 1	1	40387.685332374	40388.234795362	46.967	532.287	0.5495	485.321	-59.79	Domestic mammals
48	Spectrogram 1	1	40388.473677853	40388.723879749	93.933	563.598	0.2502	469.665	-61.98	Domestic mammals
49	Spectrogram 1	1	40388.920116531	40389.150694749	62.622	547.943	0.2306	485.321	-59.83	Domestic mammals
50	Spectrogram 1	1	40389.528450553	40389.678744955	340.003	561.743	0.1503	221.741	-60.74	Domestic mammals
51	Spectrogram 1	1	40397.931025562	40398.441241194	310.437	694.788	0.5102	384.351	-58.99	Domestic mammals
52	Spectrogram 1	1	40398.730690446	40399.196752802	325.220	576.526	0.4661	251.306	-55.60	Domestic mammals
53	Spectrogram 1	1	40399.466578377	40399.800180905	325.220	561.743	0.3336	236.524	-59.57	Domestic mammals
54	Spectrogram 1	1	40406.526089693	40407.365001934	325.220	561.743	0.8389	236.524	-57.91	Domestic mammals
55	Spectrogram 1	1	40407.590674233	40408.100889864	192.175	635.657	0.5102	443.482	-58.81	Domestic mammals
56	Spectrogram 1	1	40408.169572738	40408.493363427	354.785	620.874	0.3238	266.089	-60.41	Domestic mammals
57	Spectrogram 1	1	40408.601293657	40408.851495553	354.785	546.961	0.2502	192.175	-57.25	Domestic mammals
58	Spectrogram 1	1	40409.008484978	40409.253780955	280.872	532.178	0.2453	251.306	-60.56	Domestic mammals
59	Spectrogram 1	1	40409.425488139	40409.611913081	369.568	517.395	0.1864	147.827	-58.60	Domestic mammals
60	Spectrogram 1	1	40413.093467586	40413.304422126	266.089	487.830	0.2110	221.741	-59.91	Domestic mammals
61	Spectrogram 1	1	40413.363293160	40413.603683218	310.437	576.526	0.2404	266.089	-62.08	Domestic mammals
62	Spectrogram 1	1	40413.770484482	40414.212017240	236.524	650.440	0.4415	413.916	-60.43	Domestic mammals
63	Spectrogram 1	1	40414.437689539	40414.712421033	295.654	532.178	0.2747	236.524	-57.59	Domestic mammals
64	Spectrogram 1	1	40414.913563734	40415.158859710	310.437	517.395	0.2453	206.958	-59.97	Domestic mammals
65	Spectrogram 1	1	40415.482650400	40415.664169422	206.958	532.178	0.1815	325.220	-63.42	Domestic mammals
66	Spectrogram 1	1	40416.154410342	40417.935259134	273.719	576.250	1.7808	302.531	-56.07	Domestic mammals
67	Spectrogram 1	1	40418.067718961	40418.676052983	302.531	605.063	0.6083	302.531	-59.99	Domestic mammals
68	Spectrogram 1	1	40423.186378616	40423.627911374	273.719	547.438	0.4415	273.719	-56.98	Domestic mammals
69	Spectrogram 1	1	40423.779994880	40424.054726374	273.719	605.063	0.2747	331.344	-56.19	Domestic mammals
70	Spectrogram 1	1	40424.177374362	40424.417764419	302.531	533.031	0.2404	230.500	-54.79	Domestic mammals
71	Spectrogram 1	1	40424.677778155	40424.864203097	288.125	504.219	0.1864	216.094	-59.16	Domestic mammals
72	Spectrogram 1	1	40425.099687235	40425.295924016	259.313	504.219	0.1962	244.906	-59.54	Domestic mammals
73	Spectrogram 1	1	40425.492160798	40425.732550855	259.313	605.063	0.2404	345.750	-61.45	Domestic mammals
74	Spectrogram 1	1	40428.774044576	40429.274448369	244.906	561.844	0.5004	316.938	-58.59	Domestic mammals
75	Spectrogram 1	1	40429.352943082	40429.666921932	216.094	518.625	0.3140	302.531	-55.47	Domestic mammals
76	Spectrogram 1	1	40429.799381759	40430.132984288	259.313	547.438	0.3336	288.125	-56.94	Domestic mammals
77	Spectrogram 1	1	40434.116835090	40434.671203997	273.719	605.063	0.5544	331.344	-57.84	Domestic mammals
78	Spectrogram 1	1	40434.808569744	40435.039147962	230.500	561.844	0.2306	331.344	-53.90	Domestic mammals
79	Spectrogram 1	1	40435.196137387	40435.534645835	259.313	576.250	0.3385	316.938	-57.07	Domestic mammals
80	Spectrogram 1	1	40439.617981825	40439.999979167	302.531	518.625	0.3820	216.094	-55.43	Domestic mammals
81	Spectrogram 1	1	40387.451389707	40387.858581028	6742.125	7217.531	0.4072	475.406	-70.80	Birds
82	Spectrogram 1	1	40388.476726890	40388.614092637	1959.250	3702.406	0.1374	1743.156	-71.14	Birds
83	Spectrogram 1	1	40388.677869591	40388.879012291	2910.063	5215.063	0.2011	2305.000	-73.26	Birds
84	Spectrogram 1	1	40391.269316016	40391.421399522	2362.625	3183.781	0.1521	821.156	-73.11	Birds
85	Spectrogram 1	1	40393.606460094	40394.028369174	6799.750	7260.750	0.4219	461.000	-71.09	Birds
86	Spectrogram 1	1	40409.389306412	40409.514190735	3270.219	3803.250	0.1249	533.031	-72.83	Birds
87	Spectrogram 1	1	40409.743145327	40409.874967668	2506.688	3327.844	0.1318	821.156	-72.58	Birds
88	Spectrogram 1	1	40409.694579201	40409.791711452	3558.344	4365.094	0.0971	806.750	-73.41	Birds
89	Spectrogram 1	1	40411.883482523	40411.925182839	2521.094	5085.406	0.0417	2564.313	-71.22	Birds
90	Spectrogram 1	1	40410.750215110	40410.789462467	2751.594	3817.656	0.0392	1066.063	-72.11	Birds
91	Spectrogram 1	1	40410.090368933	40410.232640599	3097.344	4235.438	0.1423	1138.094	-71.84	Birds
92	Spectrogram 1	1	40411.149749274	40411.198808469	9122.408	9972.377	0.0491	849.969	-71.83	Birds
93	Spectrogram 1	1	40416.033713060	40416.276556077	4019.344	4494.750	0.2428	475.406	-64.33	Birds
94	Spectrogram 1	1	40416.288820876	40416.499775416	2938.875	4537.969	0.2110	1599.094	-69.86	Birds
95	Spectrogram 1	1	40416.524305014	40416.661670761	4437.125	5416.750	0.1374	979.625	-64.38	Birds
96	Spectrogram 1	1	40416.656764841	40416.764695071	2852.438	4235.438	0.1079	1383.000	-63.57	Birds
97	Spectrogram 1	1	40416.774506910	40417.049238404	2247.375	5546.406	0.2747	3299.031	-68.45	Birds
98	Spectrogram 1	1	40416.892248979	40416.997726249	1469.438	2477.875	0.1055	1008.438	-67.66	Birds
99	Spectrogram 1	1	40417.039426565	40417.262645904	2722.781	3630.375	0.2232	907.594	-68.78	Birds
100	Spectrogram 1	1	40416.852621942	40417.316231338	6742.125	7159.906	0.4636	417.781	-70.15	Birds
101	Spectrogram 1	1	40418.059478148	40418.265526768	3587.156	4970.156	0.2060	1383.000	-64.29	Birds
102	Spectrogram 1	1	40417.713610821	40417.806823292	4811.688	5344.719	0.0932	533.031	-65.74	Birds
103	Spectrogram 1	1	40418.330834692	40418.691419778	2319.406	5964.188	0.3606	3644.781	-64.48	Birds
104	Spectrogram 1	1	40419.179558771	40419.206541329	4408.313	5993.000	0.0270	1584.688	-69.15	Birds
105	Spectrogram 1	1	40419.267865323	40419.302206760	4235.438	6007.406	0.0343	1771.969	-66.55	Birds
106	Spectrogram 1	1	40419.334095237	40419.363530754	3760.031	5719.281	0.0294	1959.250	-66.19	Birds
107	Spectrogram 1	1	40419.412589949	40419.454290265	3716.813	5402.344	0.0417	1685.531	-70.19	Birds
108	Spectrogram 1	1	40419.473913944	40419.503349461	4120.188	5186.250	0.0294	1066.063	-69.52	Birds
109	Spectrogram 1	1	40419.518067219	40419.567126415	4422.719	5604.031	0.0491	1181.313	-70.34	Birds
110	Spectrogram 1	1	40419.819184684	40419.897679396	3521.103	4531.256	0.0785	1010.153	-71.31	Birds
111	Spectrogram 1	1	40420.052215862	40420.162599051	3290.211	4949.747	0.1104	1659.536	-72.94	Birds
112	Spectrogram 1	1	40420.491295660	40420.557525574	3290.211	3824.149	0.0662	533.938	-65.28	Birds
113	Spectrogram 1	1	40421.694912479	40422.097197881	6537.130	7316.391	0.4023	779.261	-72.28	Birds
114	Spectrogram 1	1	40422.234563628	40422.347399777	3420.088	4098.333	0.1128	678.245	-69.48	Birds
115	Spectrogram 1	1	40422.587789834	40422.766855897	2366.643	3838.580	0.1791	1471.937	-71.28	Birds
116	Spectrogram 1	1	40423.563552549	40423.759789330	4199.348	5122.916	0.1962	923.568	-74.10	Birds
117	Spectrogram 1	1	40423.865266600	40423.978102750	4127.195	4993.040	0.1128	865.845	-72.81	Birds
118	Spectrogram 1	1	40425.201289027	40425.319031096	4733.286	5310.516	0.1177	577.230	-70.14	Birds
119	Spectrogram 1	1	40425.449037964	40425.686975061	2915.012	4502.394	0.2379	1587.383	-66.96	Birds
120	Spectrogram 1	1	40425.669804343	40425.794905291	2395.505	3131.473	0.1251	735.968	-69.12	Birds
121	Spectrogram 1	1	40425.775281613	40425.814528969	4401.379	5873.316	0.0392	1471.937	-71.43	Birds
122	Spectrogram 1	1	40425.885664802	40426.025483509	4112.764	6277.377	0.1398	2164.613	-68.83	Birds
123	Spectrogram 1	1	40426.025483509	40426.133413739	2352.212	4026.179	0.1079	1673.967	-67.20	Birds
124	Spectrogram 1	1	40426.041976297	40426.171983165	4848.732	5238.362	0.1300	389.630	-61.96	Birds
125	Spectrogram 1	1	40426.176889084	40426.419732101	2727.412	3232.488	0.2428	505.076	-64.33	Birds
126	Spectrogram 1	1	40426.360861067	40426.620874802	3492.242	5209.501	0.2600	1717.259	-64.89	Birds
127	Spectrogram 1	1	40425.990464142	40426.400108423	6638.145	7258.668	0.4096	620.522	-70.84	Birds
128	Spectrogram 1	1	40426.667481038	40427.013348365	2323.351	6118.638	0.3459	3795.287	-66.71	Birds
129	Spectrogram 1	1	40427.329020872	40427.358456389	4661.132	6840.176	0.0294	2179.043	-70.83	Birds
130	Spectrogram 1	1	40427.390344866	40427.414874464	4545.686	6551.561	0.0245	2005.874	-66.40	Birds
131	Spectrogram 1	1	40427.454121820	40427.481104378	4271.502	6436.115	0.0270	2164.613	-64.95	Birds
132	Spectrogram 1	1	40427.512992855	40427.542428372	4156.056	6147.500	0.0294	1991.444	-65.88	Birds
133	Spectrogram 1	1	40427.576769808	40427.606205326	4184.918	5902.177	0.0294	1717.259	-65.85	Birds
134	Spectrogram 1	1	40427.638093803	40427.667529320	4055.041	5801.162	0.0294	1746.121	-66.20	Birds
135	Spectrogram 1	1	40427.687152998	40427.723947395	4127.195	5454.824	0.0368	1327.629	-65.96	Birds
136	Spectrogram 1	1	40427.743571073	40427.763194751	4329.225	5368.239	0.0196	1039.014	-67.13	Birds
137	Spectrogram 1	1	40427.797536188	40427.829424665	4358.087	5757.870	0.0319	1399.783	-69.94	Birds
138	Spectrogram 1	1	40427.846595383	40427.876030900	4459.102	5916.608	0.0294	1457.506	-70.43	Birds
139	Spectrogram 1	1	40427.898107538	40427.925090095	4386.948	5815.593	0.0270	1428.644	-69.65	Birds
140	Spectrogram 1	1	40427.927543055	40427.979055210	3824.149	5180.639	0.0515	1356.491	-68.63	Birds
141	Spectrogram 1	1	40427.356003429	40427.476198458	2381.074	3347.934	0.1202	966.860	-71.52	Birds
142	Spectrogram 1	1	40429.702591061	40429.859580486	4083.902	4545.686	0.1570	461.784	-66.91	Birds
143	Spectrogram 1	1	40430.180457221	40430.411035439	2857.289	4906.455	0.2306	2049.167	-69.81	Birds
144	Spectrogram 1	1	40430.447829835	40430.666143255	2207.905	4401.379	0.2183	2193.474	-69.57	Birds
145	Spectrogram 1	1	40430.634254778	40430.727467249	2785.135	4545.686	0.0932	1760.552	-71.90	Birds
146	Spectrogram 1	1	40430.823132680	40430.962951387	3853.010	4574.548	0.1398	721.538	-73.96	Birds
147	Spectrogram 1	1	40430.619537019	40431.029181300	6594.853	7215.375	0.4096	620.522	-70.84	Birds
148	Spectrogram 1	1	40431.720509179	40431.794097972	3593.257	4632.271	0.0736	1039.014	-71.29	Birds
149	Spectrogram 1	1	40431.897122282	40431.987881794	2886.150	3708.703	0.0908	822.553	-71.81	Birds
150	Spectrogram 1	1	40431.421248087	40431.556160875	3679.841	4646.702	0.1349	966.860	-73.18	Birds
151	Spectrogram 1	1	40433.755245517	40433.899970144	4776.578	5195.070	0.1447	418.492	-62.16	Birds
152	Spectrogram 1	1	40434.081489166	40434.378297298	3290.211	5324.947	0.2968	2034.736	-65.04	Birds
153	Spectrogram 1	1	40434.059412528	40434.130548362	6493.838	7792.605	0.0711	1298.768	-70.25	Birds
154	Spectrogram 1	1	40434.419997614	40434.775676781	2409.935	6046.485	0.3557	3636.549	-66.64	Birds
155	Spectrogram 1	1	40434.886059970	40434.922854367	4574.548	5931.039	0.0368	1356.491	-69.71	Birds
156	Spectrogram 1	1	40434.964554683	40434.996443160	4574.548	6190.792	0.0319	1616.244	-66.04	Birds
157	Spectrogram 1	1	40435.018519798	40435.055314194	4343.656	6537.130	0.0368	2193.474	-66.55	Birds
158	Spectrogram 1	1	40435.079843792	40435.114185228	4285.933	6363.961	0.0343	2078.028	-64.87	Birds
159	Spectrogram 1	1	40435.148526665	40435.175509223	4112.764	6248.515	0.0270	2135.751	-62.70	Birds
160	Spectrogram 1	1	40435.200038820	40435.236833217	4083.902	6421.684	0.0368	2337.782	-64.16	Birds
161	Spectrogram 1	1	40435.263815774	40435.312874970	3997.318	6190.792	0.0491	2193.474	-67.11	Birds
162	Spectrogram 1	1	40435.327592728	40435.381557843	4228.210	6017.623	0.0540	1789.413	-68.58	Birds
163	Spectrogram 1	1	40435.584556917	40435.626257233	3708.703	5122.916	0.0417	1414.214	-65.05	Birds
164	Spectrogram 1	1	40438.845366363	40439.046509064	4112.764	4473.533	0.2011	360.769	-69.12	Birds
165	Spectrogram 1	1	40438.879707800	40438.933672915	3203.627	3853.010	0.0540	649.384	-71.06	Birds
166	Spectrogram 1	1	40439.326146478	40439.468418144	3853.010	5036.332	0.1423	1183.322	-69.72	Birds
167	Spectrogram 1	1	40439.416905989	40439.534648058	2886.150	4083.902	0.1177	1197.752	-67.10	Birds
168	Spectrogram 1	1	40439.586160213	40439.691637483	3593.257	4314.794	0.1055	721.538	-65.57	Birds
169	Spectrogram 1	1	40439.792208833	40439.841268029	2972.735	3535.534	0.0491	562.799	-69.68	Birds
170	Spectrogram 1	1	40439.863344667	40439.907497942	1154.460	1616.244	0.0442	461.784	-66.51	Birds
171	Spectrogram 1	1	40415.128603632	40417.834430629	9529.873	9919.503	2.7058	389.630	-70.20	Insects
