Selection	View	Channel	Begin Time (s)	End Time (s)	Low Freq (Hz)	High Freq (Hz)	Delta Time (s)	Delta Freq (Hz)	Avg Power Density (dB FS/Hz)	Annotation
1	Spectrogram 1	1	16320.000000000	16379.999979167	4178.914	4638.978	60.0000	460.064	-48.79	Amphibians
2	Spectrogram 1	1	16320.817244091	16321.678426035	4849.840	5252.396	0.8612	402.556	-56.24	Insects
3	Spectrogram 1	1	16322.838385390	16323.602904055	4849.840	5252.396	0.7645	402.556	-55.96	insects
4	Spectrogram 1	1	16326.933393413	16327.891238637	4830.671	5367.412	0.9578	536.741	-57.05	Insects
5	Spectrogram 1	1	16328.763423227	16329.826719301	4773.163	5309.904	1.0633	536.741	-56.77	Insects
6	Spectrogram 1	1	16330.942740801	16331.742409750	4869.010	5329.073	0.7997	460.064	-55.81	Insects
7	Spectrogram 1	1	16332.796918254	16333.622949915	4926.518	5329.073	0.8260	402.556	-55.22	Insects
8	Spectrogram 1	1	16334.905541735	16335.696423113	4869.010	5309.904	0.7909	440.895	-55.61	insects
9	Spectrogram 1	1	16336.803657042	16337.787864979	4926.518	5290.735	0.9842	364.217	-54.97	Insects
10	Spectrogram 1	1	16338.692984778	16339.650830003	4926.518	5309.904	0.9578	383.387	-55.51	Insects
11	Spectrogram 1	1	16340.820373535	16341.866094468	4945.687	5348.243	1.0457	402.556	-56.78	Insects
12	Spectrogram 1	1	16342.753639126	16343.500582649	4964.856	5348.243	0.7469	383.387	-55.89	Insects
13	Spectrogram 1	1	16344.511153299	16345.381122815	4964.856	5348.243	0.8700	383.387	-56.34	Insects
14	Spectrogram 1	1	16346.330637065	16347.270907148	4907.348	5290.735	0.9403	383.387	-55.43	Insects
15	Spectrogram 1	1	16348.079363668	16348.922970471	4926.518	5233.227	0.8436	306.709	-53.89	Insects
16	Spectrogram 1	1	16350.526675379	16351.264831332	4964.856	5329.073	0.7382	364.217	-54.08	Insects
17	Spectrogram 1	1	16352.336914977	16353.242034777	4907.348	5309.904	0.9051	402.556	-55.19	Insects
18	Spectrogram 1	1	16354.120510081	16354.920179030	4926.518	5290.735	0.7997	364.217	-54.61	Insects
19	Spectrogram 1	1	16355.860449112	16356.835869478	4964.856	5290.735	0.9754	325.879	-55.38	Insects
20	Spectrogram 1	1	16357.793714703	16358.672471789	4926.518	5252.396	0.8788	325.879	-54.90	Insects
21	Spectrogram 1	1	16359.511376283	16360.337407944	4984.026	5309.904	0.8260	325.879	-55.95	Insects
22	Spectrogram 1	1	16361.339191023	16362.094922117	4888.179	5271.565	0.7557	383.387	-55.09	Insects
23	Spectrogram 1	1	16363.087917625	16364.151213700	4888.179	5367.412	1.0633	479.233	-56.83	Insects
24	Spectrogram 1	1	16364.948900684	16365.801295058	4945.687	5271.565	0.8524	325.879	-54.80	insects
25	Spectrogram 1	1	16366.820653278	16367.637897369	4907.348	5329.073	0.8172	421.725	-55.06	Insects
26	Spectrogram 1	1	16368.832273436	16369.640729956	4926.518	5194.888	0.8085	268.371	-53.81	insects
27	Spectrogram 1	1	16370.721601173	16371.644296113	4964.856	5271.565	0.9227	306.709	-54.98	Insects
28	Spectrogram 1	1	16372.646079192	16373.507261137	4926.518	5290.735	0.8612	364.217	-54.38	Insects
29	Spectrogram 1	1	16374.414877726	16375.240909388	4945.687	5233.227	0.8260	287.540	-53.54	Insects
30	Spectrogram 1	1	16376.005428053	16376.769946718	4984.026	5252.396	0.7645	268.371	-55.65	Insects
31	Spectrogram 1	1	16378.149595344	16379.089865427	4849.840	5329.073	0.9403	479.233	-55.35	Insects
32	Spectrogram 1	1	16320.219689272	16320.439378543	977.636	1648.562	0.2197	670.927	-71.01	Amphibians
33	Spectrogram 1	1	16322.293555996	16322.592333405	862.620	1571.885	0.2988	709.265	-70.74	Amphibians
34	Spectrogram 1	1	16322.750509681	16323.031711949	862.620	1610.224	0.2812	747.604	-70.65	Amphibians
35	Spectrogram 1	1	16323.365639642	16323.690779764	843.450	1552.716	0.3251	709.265	-70.19	Amphibians
36	Spectrogram 1	1	16324.358183362	16324.648173200	843.450	1571.885	0.2900	728.435	-71.50	Amphibians
37	Spectrogram 1	1	16324.929375468	16325.193002594	977.636	1667.732	0.2636	690.096	-71.07	Amphibians
38	Spectrogram 1	1	16328.040175555	16328.277439968	785.942	1571.885	0.2373	785.942	-70.76	Amphibians
39	Spectrogram 1	1	16328.479554098	16328.751968795	824.281	1648.562	0.2724	824.281	-70.51	Amphibians
40	Spectrogram 1	1	16328.989233208	16329.226497622	766.773	1782.748	0.2373	1015.974	-70.61	Amphibians
41	Spectrogram 1	1	16329.507699889	16329.797689728	728.435	1667.732	0.2900	939.297	-70.47	Amphibians
42	Spectrogram 1	1	16330.017378999	16330.254643413	709.265	1648.562	0.2373	939.297	-69.78	Amphibians
43	Spectrogram 1	1	16330.606262802	16330.905040211	766.773	1533.546	0.2988	766.773	-69.14	Amphibians
44	Spectrogram 1	1	16331.221392762	16331.467444747	709.265	1686.901	0.2461	977.636	-68.56	Amphibians
45	Spectrogram 1	1	16331.818947581	16332.038636853	670.927	1667.732	0.2197	996.805	-68.37	Amphibians
46	Spectrogram 1	1	16332.328626691	16332.539528392	670.927	1801.917	0.2109	1130.990	-68.39	Amphibians
47	Spectrogram 1	1	16332.917393939	16333.181021065	651.757	1725.240	0.2636	1073.482	-68.31	Amphibians
48	Spectrogram 1	1	16333.541311471	16333.725850459	805.112	1725.240	0.1845	920.128	-68.78	Amphibians
49	Spectrogram 1	1	16335.123074227	16335.377913782	651.757	1725.240	0.2548	1073.482	-70.44	Amphibians
50	Spectrogram 1	1	16335.782142042	16336.045769168	555.911	1667.732	0.2636	1111.821	-70.10	Amphibians
51	Spectrogram 1	1	16336.318183864	16336.581810990	766.773	1763.578	0.2636	996.805	-71.24	Amphibians
52	Spectrogram 1	1	16336.819075404	16337.047552246	766.773	1667.732	0.2285	900.958	-71.00	Amphibians
53	Spectrogram 1	1	16337.352683441	16337.546010000	843.450	1686.901	0.1933	843.450	-69.95	Amphibians
54	Spectrogram 1	1	16338.020538827	16338.205077815	824.281	1840.256	0.1845	1015.974	-71.23	Amphibians
55	Spectrogram 1	1	16338.591730933	16338.793845063	977.636	1763.578	0.2021	785.942	-71.05	Amphibians
56	Spectrogram 1	1	16339.048684618	16339.303524173	824.281	1744.409	0.2548	920.128	-71.43	Amphibians
57	Spectrogram 1	1	16339.672602150	16339.901078992	900.958	1648.562	0.2285	747.604	-63.29	Amphibians
58	Spectrogram 1	1	16340.322882394	16340.472271099	843.450	1782.748	0.1494	939.297	-70.83	Amphibians
59	Spectrogram 1	1	16340.876499358	16341.096188630	728.435	1725.240	0.2197	996.805	-70.83	Amphibians
60	Spectrogram 1	1	16362.052062751	16362.280539594	747.604	1648.562	0.2285	900.958	-66.99	Amphibians
61	Spectrogram 1	1	16362.957182551	16363.220809677	939.297	1706.070	0.2636	766.773	-70.32	Amphibians
62	Spectrogram 1	1	16363.502011944	16363.721701216	785.942	1648.562	0.2197	862.620	-67.33	Amphibians
63	Spectrogram 1	1	16364.002903484	16364.240167897	805.112	1591.054	0.2373	785.942	-67.24	Amphibians
64	Spectrogram 1	1	16364.670758869	16364.908023283	728.435	1648.562	0.2373	920.128	-69.47	Amphibians
65	Spectrogram 1	1	16365.294676401	16365.505578102	900.958	1706.070	0.2109	805.112	-69.18	Amphibians
66	Spectrogram 1	1	16366.067982637	16366.243734054	862.620	1840.256	0.1758	977.636	-70.59	Amphibians
67	Spectrogram 1	1	16366.586449318	16366.806138590	939.297	1686.901	0.2197	747.604	-70.41	Amphibians
68	Spectrogram 1	1	16367.236729562	16367.473993976	785.942	1763.578	0.2373	977.636	-70.64	Amphibians
69	Spectrogram 1	1	16369.895341278	16370.141393262	853.081	1630.332	0.2461	777.251	-70.04	Amphibians
70	Spectrogram 1	1	16370.352294963	16370.589559377	796.209	1630.332	0.2373	834.123	-69.74	Amphibians
71	Spectrogram 1	1	16371.081663345	16371.213476908	739.336	1725.118	0.1318	985.782	-70.17	Amphibians
72	Spectrogram 1	1	16371.775881443	16371.969208003	853.081	1630.332	0.1933	777.251	-69.78	Amphibians
73	Spectrogram 1	1	16372.373436262	16372.549187680	644.550	1668.246	0.1758	1023.697	-69.82	Amphibians
75	Spectrogram 1	1	16320.694218098	16322.073866724	853.081	1364.929	1.3796	511.848	-71.46	Amphibians
76	Spectrogram 1	1	16325.298905232	16328.084565196	739.336	1289.100	2.7857	549.763	-70.69	Amphibians
77	Spectrogram 1	1	16323.848956039	16324.349847579	777.251	1099.526	0.5009	322.275	-69.67	Amphibians
78	Spectrogram 1	1	16370.801252941	16370.994579500	682.464	1270.142	0.1933	587.678	-68.47	Amphibians
79	Spectrogram 1	1	16373.221638408	16379.908979837	758.294	1213.270	6.6873	454.976	-68.53	Amphibians
80	Spectrogram 1	1	16320.000000000	16379.999979167	2464.455	2843.602	60.0000	379.147	-61.83	Insects
81	Spectrogram 1	1	16320.043937854	16379.999979167	5383.886	5895.735	59.9560	511.848	-63.52	Insects
