Selection	View	Channel	Begin Time (s)	End Time (s)	Low Freq (Hz)	High Freq (Hz)	Delta Time (s)	Delta Freq (Hz)	Avg Power Density (dB FS/Hz)	Annotation
1	Spectrogram 1	1	1800.000000000	1859.999979167	8711.744	10590.747	60.0000	1879.004	-64.19	Insects
2	Spectrogram 1	1	1800.059396949	1800.186676125	341.637	576.512	0.1273	234.875	-62.59	Domestic mammals
3	Spectrogram 1	1	1800.916410070	1801.111571474	362.989	619.217	0.1952	256.228	-60.29	Domestic mammals
4	Spectrogram 1	1	1802.112834329	1802.333451568	320.285	640.569	0.2206	320.285	-60.26	Domestic mammals
5	Spectrogram 1	1	1803.394111371	1803.572302218	362.989	576.512	0.1782	213.523	-59.80	Domestic mammals
6	Spectrogram 1	1	1804.607506186	1804.828123426	405.694	747.331	0.2206	341.637	-62.27	Domestic mammals
7	Spectrogram 1	1	1805.184505119	1805.294813739	341.637	576.512	0.1103	234.875	-62.04	Domestic mammals
8	Spectrogram 1	1	1805.549372092	1805.744533496	384.342	597.865	0.1952	213.523	-63.05	Domestic mammals
9	Spectrogram 1	1	1805.990606570	1806.143341582	298.932	683.274	0.1527	384.342	-60.93	Domestic mammals
10	Spectrogram 1	1	1806.720340515	1806.983384146	320.285	661.922	0.2630	341.637	-63.58	Domestic mammals
11	Spectrogram 1	1	1807.416133346	1807.636750585	298.932	661.922	0.2206	362.989	-61.04	Domestic mammals
12	Spectrogram 1	1	1808.213749518	1808.425881479	320.285	640.569	0.2121	320.285	-62.68	Domestic mammals
13	Spectrogram 1	1	1808.697410389	1808.884086514	384.342	683.274	0.1867	298.932	-59.91	Domestic mammals
14	Spectrogram 1	1	1809.919290482	1810.156878278	405.694	704.626	0.2376	298.932	-61.18	Domestic mammals
15	Spectrogram 1	1	1810.930589844	1811.270000981	405.694	661.922	0.3394	256.228	-61.19	Domestic mammals
16	Spectrogram 1	1	1812.356116620	1812.559763302	298.932	640.569	0.2036	341.637	-60.14	Domestic mammals
17	Spectrogram 1	1	1813.569511435	1813.773158117	298.932	597.865	0.2036	298.932	-60.77	Domestic mammals
18	Spectrogram 1	1	1814.757450415	1814.978067654	362.989	661.922	0.2206	298.932	-61.25	Domestic mammals
19	Spectrogram 1	1	1816.344197481	1816.615726391	341.637	619.217	0.2715	277.580	-59.52	Domestic mammals
20	Spectrogram 1	1	1817.475549532	1817.704652050	448.399	640.569	0.2291	192.171	-58.42	Domestic mammals
21	Spectrogram 1	1	1818.773797132	1819.172605218	320.285	768.683	0.3988	448.399	-61.30	Domestic mammals
22	Spectrogram 1	1	1820.122956402	1820.513279209	341.637	768.683	0.3903	427.046	-62.03	Domestic mammals
23	Spectrogram 1	1	1821.395748166	1821.607880127	149.466	811.388	0.2121	661.922	-60.22	Domestic mammals
24	Spectrogram 1	1	1822.982495232	1823.067348016	405.694	725.979	0.0849	320.285	-59.74	Domestic mammals
25	Spectrogram 1	1	1824.813129964	1825.050717760	256.228	619.217	0.2376	362.989	-60.31	Domestic mammals
26	Spectrogram 1	1	1826.009554222	1826.119862842	192.171	597.865	0.1103	405.694	-55.80	Domestic mammals
27	Spectrogram 1	1	1827.672668794	1827.961168260	341.637	683.274	0.2885	341.637	-61.39	Domestic mammals
28	Spectrogram 1	1	1826.331994802	1826.527156206	384.342	619.217	0.1952	234.875	-59.84	Domestic mammals
29	Spectrogram 1	1	1828.914213679	1829.092404526	320.285	619.217	0.1782	298.932	-59.73	Domestic mammals
30	Spectrogram 1	1	1831.307062195	1831.527679435	362.989	704.626	0.2206	341.637	-60.67	Domestic mammals
31	Spectrogram 1	1	1832.495001175	1832.707133136	298.932	661.922	0.2121	362.989	-59.71	Domestic mammals
32	Spectrogram 1	1	1834.039321849	1834.242968532	384.342	725.979	0.2036	341.637	-60.71	Domestic mammals
33	Spectrogram 1	1	1835.403613724	1835.666657355	320.285	640.569	0.2630	320.285	-59.02	Domestic mammals
34	Spectrogram 1	1	1836.633979096	1837.024301904	320.285	768.683	0.3903	448.399	-61.69	Domestic mammals
35	Spectrogram 1	1	1837.745550570	1837.974653088	277.580	640.569	0.2291	362.989	-61.03	Domestic mammals
36	Spectrogram 1	1	1841.882660172	1842.128733247	298.932	640.569	0.2461	341.637	-59.90	Domestic mammals
37	Spectrogram 1	1	1844.351876195	1844.614919826	320.285	619.217	0.2630	298.932	-57.34	Domestic mammals
38	Spectrogram 1	1	1843.189393050	1843.401525011	298.932	661.922	0.2121	362.989	-61.49	Domestic mammals
39	Spectrogram 1	1	1845.641653666	1845.879241462	341.637	683.274	0.2376	341.637	-60.56	Domestic mammals
40	Spectrogram 1	1	1848.475736661	1849.154558935	384.342	661.922	0.6788	277.580	-61.32	Domestic mammals
41	Spectrogram 1	1	1800.152735012	1800.381837529	768.683	1772.242	0.2291	1003.559	-58.19	Amphibians
42	Spectrogram 1	1	1800.738219223	1800.984292298	683.274	1708.185	0.2461	1024.911	-58.33	Amphibians
43	Spectrogram 1	1	1801.298247599	1801.586747066	640.569	1729.537	0.2885	1088.968	-59.36	Amphibians
44	Spectrogram 1	1	1802.274054619	1802.486186579	640.569	1964.413	0.2121	1323.843	-58.68	Amphibians
45	Spectrogram 1	1	1802.842568273	1803.071670791	725.979	1964.413	0.2291	1238.434	-58.18	Amphibians
46	Spectrogram 1	1	1803.402596650	1803.640184446	747.331	1793.594	0.2376	1046.263	-58.32	Amphibians
47	Spectrogram 1	1	1803.954139747	1804.200212822	661.922	1793.594	0.2461	1131.673	-58.49	Amphibians
48	Spectrogram 1	1	1805.693621825	1805.948180178	768.683	1772.242	0.2546	1003.559	-58.30	Amphibians
49	Spectrogram 1	1	1806.219709088	1806.482752719	725.979	1729.537	0.2630	1003.559	-58.12	Amphibians
50	Spectrogram 1	1	1806.743842579	1807.015371489	747.331	1644.128	0.2715	896.797	-57.70	Amphibians
51	Spectrogram 1	1	1807.329326791	1807.583885144	683.274	1622.776	0.2546	939.502	-57.22	Amphibians
52	Spectrogram 1	1	1807.753590712	1808.109972406	683.274	1729.537	0.3564	1046.263	-58.20	Amphibians
53	Spectrogram 1	1	1808.169369355	1808.339074924	747.331	1729.537	0.1697	982.206	-60.82	Amphibians
54	Spectrogram 1	1	1808.517265771	1808.737883010	854.093	1665.480	0.2206	811.388	-60.15	Amphibians
55	Spectrogram 1	1	1809.060323590	1809.739145864	790.036	1836.299	0.6788	1046.263	-58.63	Amphibians
56	Spectrogram 1	1	1809.857939762	1810.375541746	683.274	1665.480	0.5176	982.206	-57.95	Amphibians
57	Spectrogram 1	1	1810.918599566	1811.224069589	768.683	1729.537	0.3055	960.854	-57.83	Amphibians
58	Spectrogram 1	1	1811.495598499	1811.775612687	619.217	1772.242	0.2800	1153.025	-58.76	Amphibians
59	Spectrogram 1	1	1812.325665257	1812.571738331	576.512	1729.537	0.2461	1153.025	-57.58	Amphibians
60	Spectrogram 1	1	1812.885693633	1813.097825594	683.274	1580.071	0.2121	896.797	-55.41	Amphibians
61	Spectrogram 1	1	1813.547545350	1813.776647868	640.569	1644.128	0.2291	1003.559	-57.53	Amphibians
62	Spectrogram 1	1	1814.031206221	1814.328190966	683.274	1665.480	0.2970	982.206	-58.11	Amphibians
63	Spectrogram 1	1	1814.718513773	1814.990042683	747.331	1686.833	0.2715	939.502	-57.77	Amphibians
64	Spectrogram 1	1	1816.679207335	1816.891339296	747.331	1708.185	0.2121	960.854	-58.23	Amphibians
65	Spectrogram 1	1	1817.154382927	1817.408941280	661.922	1793.594	0.2546	1131.673	-59.12	Amphibians
66	Spectrogram 1	1	1817.638043797	1817.926543264	768.683	1708.185	0.2885	939.502	-58.97	Amphibians
67	Spectrogram 1	1	1818.206557452	1818.478086362	619.217	1793.594	0.2715	1174.377	-58.81	Amphibians
68	Spectrogram 1	1	1818.953261954	1819.190849750	704.626	1729.537	0.2376	1024.911	-58.07	Amphibians
69	Spectrogram 1	1	1819.462378660	1819.725422291	640.569	1708.185	0.2630	1067.616	-58.96	Amphibians
70	Spectrogram 1	1	1820.081803985	1820.336362338	725.979	1601.423	0.2546	875.445	-57.82	Amphibians
71	Spectrogram 1	1	1820.484811984	1820.909075905	661.922	1665.480	0.4243	1003.559	-59.60	Amphibians
72	Spectrogram 1	1	1821.010899246	1821.129693144	597.865	1772.242	0.1188	1174.377	-61.54	Amphibians
73	Spectrogram 1	1	1821.392736776	1821.630324572	768.683	1750.890	0.2376	982.206	-62.45	Amphibians
74	Spectrogram 1	1	1821.842456532	1822.164897113	683.274	1686.833	0.3224	1003.559	-62.70	Amphibians
75	Spectrogram 1	1	1822.326117403	1822.546734642	725.979	1750.890	0.2206	1024.911	-62.42	Amphibians
76	Spectrogram 1	1	1822.869175222	1823.318894979	661.922	1750.890	0.4497	1088.968	-59.73	Amphibians
77	Spectrogram 1	1	1823.615879724	1824.668054249	683.274	1793.594	1.0522	1110.320	-60.79	Amphibians
78	Spectrogram 1	1	1824.854730374	1825.041406500	704.626	1814.947	0.1867	1110.320	-58.47	Amphibians
79	Spectrogram 1	1	1825.092318170	1825.253538460	832.740	1793.594	0.1612	960.854	-60.83	Amphibians
80	Spectrogram 1	1	1825.380817637	1825.643861268	683.274	1857.651	0.2630	1174.377	-59.36	Amphibians
81	Spectrogram 1	1	1825.669317103	1825.864478507	683.274	1921.708	0.1952	1238.434	-62.44	Amphibians
82	Spectrogram 1	1	1825.940846013	1826.144492695	725.979	1772.242	0.2036	1046.263	-57.90	Amphibians
83	Spectrogram 1	1	1826.164852433	1826.410925507	811.388	1814.947	0.2461	1003.559	-62.29	Amphibians
84	Spectrogram 1	1	1826.478807735	1826.809733594	485.830	2049.822	0.3309	1563.992	-61.19	Amphibians
85	Spectrogram 1	1	1826.937012770	1827.632805601	0.000	646.957	0.6958	646.957	-58.53	Amphibians
86	Spectrogram 1	1	1826.801248315	1827.047321389	626.087	1940.870	0.2461	1314.783	-63.25	Amphibians
87	Spectrogram 1	1	1827.208541680	1827.463100032	688.696	1940.870	0.2546	1252.174	-59.48	Amphibians
88	Spectrogram 1	1	1827.497041146	1827.692202550	545.455	2051.948	0.1952	1506.494	-62.81	Amphibians
