Selection	View	Channel	Begin Time (s)	End Time (s)	Low Freq (Hz)	High Freq (Hz)	Delta Time (s)	Delta Freq (Hz)	Avg Power Density (dB FS/Hz)	Annotation
1	Spectrogram 1	1	14460.042426392	14460.237587796	137.136	617.111	0.1952	479.976	-56.45	Birds
2	Spectrogram 1	1	14460.432749200	14460.585484212	171.420	719.963	0.1527	548.543	-56.75	Birds
3	Spectrogram 1	1	14461.060659803	14461.484923725	4594.051	6513.953	0.4243	1919.902	-57.83	Birds
4	Spectrogram 1	1	14461.400070941	14461.892217089	2777.001	5142.595	0.4921	2365.594	-52.81	Birds
5	Spectrogram 1	1	14461.824334862	14462.240113505	4525.483	7988.164	0.4158	3462.680	-64.46	Birds
6	Spectrogram 1	1	14464.005051418	14464.624476743	137.136	754.247	0.6194	617.111	-60.52	Birds
7	Spectrogram 1	1	14464.989343716	14466.643973009	2537.013	4079.792	1.6546	1542.778	-62.12	Birds
8	Spectrogram 1	1	14464.921461488	14465.235416790	4148.360	5211.163	0.3140	1062.803	-72.10	Birds
9	Spectrogram 1	1	14467.416133346	14467.950705887	171.420	651.395	0.5346	479.976	-58.54	Birds
10	Spectrogram 1	1	14464.344462555	14464.599020908	2571.297	3736.952	0.2546	1165.655	-74.87	Birds
11	Spectrogram 1	1	14469.057775541	14469.473554184	4079.792	6959.645	0.4158	2879.853	-53.92	Birds
12	Spectrogram 1	1	14469.295363337	14469.804480043	2777.001	5142.595	0.5091	2365.594	-49.01	Birds
13	Spectrogram 1	1	14469.694171423	14470.177832294	4422.632	8022.448	0.4837	3599.816	-62.49	Birds
14	Spectrogram 1	1	14469.295363337	14469.515980576	7199.633	10285.190	0.2206	3085.557	-72.56	Birds
15	Spectrogram 1	1	14470.882110403	14471.399712387	171.420	719.963	0.5176	548.543	-58.85	Birds
16	Spectrogram 1	1	14474.615632912	14475.175661288	239.988	651.395	0.5600	411.408	-58.45	Birds
17	Spectrogram 1	1	14475.829027727	14476.236321091	308.556	651.395	0.4073	342.840	-68.16	Birds
18	Spectrogram 1	1	14470.712404835	14470.941507352	2845.569	3874.088	0.2291	1028.519	-74.97	Birds
19	Spectrogram 1	1	14472.910091948	14473.147679744	2708.433	3702.668	0.2376	994.235	-74.48	Birds
20	Spectrogram 1	1	14473.521031994	14473.767105069	4114.076	4731.187	0.2461	617.111	-74.79	Birds
21	Spectrogram 1	1	14474.148942598	14474.395015672	2708.433	3599.816	0.2461	891.383	-74.73	Birds
22	Spectrogram 1	1	14475.090808504	14475.328396299	2914.137	3496.964	0.2376	582.827	-74.90	Birds
23	Spectrogram 1	1	14477.522855633	14478.235619021	1234.223	1885.618	0.7128	651.395	-68.68	Birds
24	Spectrogram 1	1	14477.845296214	14478.456236260	308.556	685.679	0.6109	377.124	-57.52	Birds
25	Spectrogram 1	1	14479.033235194	14479.381131609	274.272	548.543	0.3479	274.272	-67.70	Birds
26	Spectrogram 1	1	14478.269560135	14478.880500182	3016.989	3428.397	0.6109	411.408	-73.10	Birds
27	Spectrogram 1	1	14479.389616888	14479.550837178	2537.013	3565.532	0.1612	1028.519	-74.03	Birds
28	Spectrogram 1	1	14479.576293013	14480.424820856	1234.223	1817.050	0.8485	582.827	-67.31	Birds
29	Spectrogram 1	1	14481.061216738	14481.638215671	308.556	617.111	0.5770	308.556	-56.15	Birds
30	Spectrogram 1	1	14481.952170973	14482.792213537	1268.507	1851.334	0.8400	582.827	-68.18	Birds
31	Spectrogram 1	1	14481.061216738	14481.426083710	2777.001	3359.829	0.3649	582.827	-74.73	Birds
32	Spectrogram 1	1	14482.563111020	14482.809184094	2777.001	3462.680	0.2461	685.679	-72.63	Birds
33	Spectrogram 1	1	14482.317037945	14482.707360753	205.704	617.111	0.3903	411.408	-68.99	Birds
34	Spectrogram 1	1	14484.558340006	14485.109883104	205.704	651.395	0.5515	445.692	-56.81	Birds
35	Spectrogram 1	1	14484.600766398	14485.372926735	1371.359	1851.334	0.7722	479.976	-66.66	Birds
36	Spectrogram 1	1	14486.034778452	14486.501468766	102.852	651.395	0.4667	548.543	-67.69	Birds
37	Spectrogram 1	1	14487.850628036	14488.402171134	308.556	754.247	0.5515	445.692	-58.11	Birds
38	Spectrogram 1	1	14487.613040240	14488.419141691	1097.087	1988.470	0.8061	891.383	-69.58	Birds
39	Spectrogram 1	1	14484.880780586	14485.118368382	2605.581	3702.668	0.2376	1097.087	-74.34	Birds
40	Spectrogram 1	1	14486.594806829	14486.815424068	2777.001	3565.532	0.2206	788.531	-74.76	Birds
41	Spectrogram 1	1	14487.536672734	14487.859113314	2982.705	3702.668	0.3224	719.963	-73.76	Birds
42	Spectrogram 1	1	14489.471316216	14489.878609580	6136.830	8433.855	0.4073	2297.026	-61.92	Birds
43	Spectrogram 1	1	14489.632536506	14489.921035972	4388.348	6479.669	0.2885	2091.322	-58.02	Birds
44	Spectrogram 1	1	14489.836183188	14490.311358780	2639.865	5176.879	0.4752	2537.013	-54.96	Birds
45	Spectrogram 1	1	14490.226505996	14490.565917133	377.124	685.679	0.3394	308.556	-71.21	Birds
46	Spectrogram 1	1	14490.935346626	14491.512345559	274.272	719.963	0.5770	445.692	-57.93	Birds
47	Spectrogram 1	1	14491.351125268	14492.038432821	1371.359	1851.334	0.6873	479.976	-66.47	Birds
48	Spectrogram 1	1	14492.810593158	14494.091870201	1028.519	1851.334	1.2813	822.815	-68.47	Birds
49	Spectrogram 1	1	14493.353650977	14493.523356546	171.420	479.976	0.1697	308.556	-68.04	Birds
50	Spectrogram 1	1	14494.346428554	14494.864030538	342.840	651.395	0.5176	308.556	-55.74	Birds
51	Spectrogram 1	1	14495.364661965	14496.009543125	1199.939	1748.482	0.6449	548.543	-66.53	Birds
52	Spectrogram 1	1	14491.300213598	14491.605683621	2674.149	3565.532	0.3055	891.383	-74.80	Birds
53	Spectrogram 1	1	14492.640887590	14492.929387056	2742.717	3736.952	0.2885	994.235	-73.98	Birds
54	Spectrogram 1	1	14494.982824436	14495.568308647	2811.285	3531.248	0.5855	719.963	-74.23	Birds
55	Spectrogram 1	1	14496.264101478	14496.535630388	2639.865	3736.952	0.2715	1097.087	-73.72	Birds
56	Spectrogram 1	1	14496.544115666	14496.934438474	308.556	582.827	0.3903	274.272	-69.23	Birds
57	Spectrogram 1	1	14497.850848544	14498.351479972	274.272	754.247	0.5006	479.976	-57.98	Birds
58	Spectrogram 1	1	14498.504245350	14498.733347867	2948.421	3565.532	0.2291	617.111	-74.16	Birds
59	Spectrogram 1	1	14500.693447184	14501.100740549	2982.705	3496.964	0.4073	514.259	-74.51	Birds
60	Spectrogram 1	1	14500.948005537	14501.584401419	308.556	685.679	0.6364	377.124	-57.28	Birds
61	Spectrogram 1	1	14502.212312023	14502.390502870	2811.285	3634.100	0.1782	822.815	-70.25	Birds
62	Spectrogram 1	1	14501.516519192	14501.720165874	8125.300	10079.486	0.2036	1954.186	-73.51	Birds
63	Spectrogram 1	1	14502.772340399	14503.120236815	4834.039	7885.312	0.3479	3051.273	-71.03	Birds
64	Spectrogram 1	1	14503.213574877	14503.637838799	2948.421	3599.816	0.4243	651.395	-73.24	Birds
65	Spectrogram 1	1	14504.282719959	14504.868204171	239.988	719.963	0.5855	479.976	-58.09	Birds
66	Spectrogram 1	1	14504.528793034	14504.706983881	2571.297	3771.236	0.1782	1199.939	-74.10	Birds
67	Spectrogram 1	1	14505.003968626	14505.173674194	2948.421	4148.360	0.1697	1199.939	-74.96	Birds
68	Spectrogram 1	1	14505.524728120	14505.889595092	2571.297	3599.816	0.3649	1028.519	-75.22	Birds
69	Spectrogram 1	1	14505.991418433	14506.458108747	1131.371	1542.778	0.4667	411.408	-71.11	Birds
70	Spectrogram 1	1	14506.721152378	14507.315121868	4799.755	8433.855	0.5940	3634.100	-71.14	Birds
71	Spectrogram 1	1	14508.418208064	14508.672766417	5382.583	6273.966	0.2546	891.383	-70.78	Birds
72	Spectrogram 1	1	14508.647310581	14509.147942009	4731.187	8159.584	0.5006	3428.397	-66.33	Birds
73	Spectrogram 1	1	14507.629077170	14508.240017217	171.420	754.247	0.6109	582.827	-60.27	Birds
74	Spectrogram 1	1	14507.289666033	14508.655795860	1234.223	1851.334	1.3661	617.111	-73.99	Birds
75	Spectrogram 1	1	14507.289666033	14507.493312715	2742.717	3908.372	0.2036	1165.655	-75.55	Birds
76	Spectrogram 1	1	14509.377044526	14509.648573436	2605.581	3771.236	0.2715	1165.655	-74.69	Birds
77	Spectrogram 1	1	14510.828027137	14511.141982439	2845.569	3874.088	0.3140	1028.519	-74.27	Birds
78	Spectrogram 1	1	14511.905657498	14512.194156964	3256.977	4114.076	0.2885	857.099	-75.14	Birds
79	Spectrogram 1	1	14510.683777404	14511.218349945	286.557	604.954	0.5346	318.397	-55.89	Birds
80	Spectrogram 1	1	14513.268096237	14513.488713476	5635.628	6145.063	0.2206	509.435	-69.41	Birds
81	Spectrogram 1	1	14513.429316527	14513.963889068	4807.795	8087.285	0.5346	3279.490	-68.42	Birds
82	Spectrogram 1	1	14514.218447421	14514.753019962	286.557	700.474	0.5346	413.916	-57.94	Birds
83	Spectrogram 1	1	14514.464520495	14514.753019962	2387.978	4011.803	0.2885	1623.825	-76.36	Birds
84	Spectrogram 1	1	14515.737312260	14515.890047271	2738.215	3820.765	0.1527	1082.550	-74.14	Birds
85	Spectrogram 1	1	14515.533665577	14515.711856424	4839.635	7705.209	0.1782	2865.573	-77.51	Birds
86	Spectrogram 1	1	14517.391941553	14517.739837969	5954.025	7832.567	0.3479	1878.543	-71.82	Birds
87	Spectrogram 1	1	14517.120412643	14517.654985184	4553.078	6017.704	0.5346	1464.626	-71.45	Birds
88	Spectrogram 1	1	14517.341029883	14517.680441020	1337.268	4234.681	0.3394	2897.413	-75.86	Birds
89	Spectrogram 1	1	14517.680441020	14518.181072447	318.397	668.634	0.5006	350.237	-57.33	Birds
90	Spectrogram 1	1	14518.427145521	14518.766556658	2642.696	3566.047	0.3394	923.351	-74.94	Birds
91	Spectrogram 1	1	14519.649025615	14519.835701740	2483.497	3725.245	0.1867	1241.748	-74.77	Birds
92	Spectrogram 1	1	14519.504775882	14519.878128133	891.512	1878.543	0.3734	987.031	-73.94	Birds
93	Spectrogram 1	1	14518.333807459	14518.792012494	764.153	1878.543	0.4582	1114.390	-74.51	Birds
94	Spectrogram 1	1	14460.000000000	14519.999979167	5603.788	6622.659	60.0000	1018.871	-71.56	Insects
