Selection	View	Channel	Begin Time (s)	End Time (s)	Low Freq (Hz)	High Freq (Hz)	Delta Time (s)	Delta Freq (Hz)	Avg Power Density (dB FS/Hz)	Annotation
1	Spectrogram 1	1	7383.375272640	7383.885488272	6335.135	7156.757	0.5102	821.622	-65.14	Inscets
2	Spectrogram 1	1	7384.788177466	7386.632803211	6378.378	7286.486	1.8446	908.108	-62.80	Insects
3	Spectrogram 1	1	7393.363724814	7395.659695156	6400.000	7329.730	2.2960	929.730	-63.08	Insects
4	Spectrogram 1	1	7391.970443666	7392.343293550	6227.027	7221.622	0.3728	994.595	-64.36	Insects
5	Spectrogram 1	1	7395.926500685	7398.202847349	6335.135	7048.649	2.2763	713.514	-72.08	Insects
6	Spectrogram 1	1	7400.439946657	7402.991024816	6335.135	7329.730	2.5511	994.595	-62.99	Insects
7	Spectrogram 1	1	7406.994255156	7409.721946418	6291.892	7351.351	2.7277	1059.459	-63.32	Insects
8	Spectrogram 1	1	7409.976784688	7413.881896638	6616.216	6940.541	3.9051	324.324	-72.56	Insects
9	Spectrogram 1	1	7414.137004454	7416.805824681	6335.135	7286.486	2.6688	951.351	-62.65	insects
10	Spectrogram 1	1	7416.982437785	7420.809055022	6400.000	6854.054	3.8266	454.054	-71.70	insects
11	Spectrogram 1	1	7420.985668125	7423.811477778	6356.757	7416.216	2.8258	1059.459	-63.76	insects
12	Spectrogram 1	1	7423.754739648	7426.325441484	6227.027	6897.297	2.5707	670.270	-71.26	insects
13	Spectrogram 1	1	7428.723953314	7433.237399286	6400.000	6897.297	4.5134	497.297	-72.77	insects
14	Spectrogram 1	1	7433.629872849	7435.337132847	6183.784	6897.297	1.7073	713.514	-72.12	insects
15	Spectrogram 1	1	7436.122079973	7439.968320888	6378.378	7027.027	3.8462	648.649	-72.17	insects
16	Spectrogram 1	1	7389.125010335	7391.970443666	6378.378	6940.541	2.8454	562.162	-74.10	innsects
17	Spectrogram 1	1	7398.936849406	7399.761043888	627.027	1340.541	0.8242	713.514	-61.80	Domestic mammals
18	Spectrogram 1	1	7382.227287469	7382.462771607	3481.081	5621.622	0.2355	2140.541	-73.03	Birds
20	Spectrogram 1	1	7384.032665858	7384.297585513	3654.054	5275.676	0.2649	1621.622	-72.86	Birds
22	Spectrogram 1	1	7386.034281028	7386.377695396	3578.378	5362.162	0.3434	1783.784	-73.04	Birds
23	Spectrogram 1	1	7382.639384710	7383.080917468	1491.892	1924.324	0.4415	432.432	-71.97	Birds
24	Spectrogram 1	1	7385.985221833	7386.171646775	2443.243	2681.081	0.1864	237.838	-74.42	Birds
25	Spectrogram 1	1	7387.329443785	7387.849471256	2963.447	5914.799	0.5200	2951.351	-63.39	Birds
26	Spectrogram 1	1	7388.389122405	7388.752160451	2866.150	5147.231	0.3630	2281.081	-65.47	Birds
27	Spectrogram 1	1	7386.887911027	7387.162642521	1145.946	1394.595	0.2747	248.649	-68.19	Birds
28	Spectrogram 1	1	7392.407097624	7392.622958084	3232.432	5589.189	0.2159	2356.757	-74.68	Birds
29	Spectrogram 1	1	7392.485592337	7392.750511992	1632.432	1859.459	0.2649	227.027	-70.86	Birds
30	Spectrogram 1	1	7394.501765142	7394.717625601	3448.649	5405.405	0.2159	1956.757	-75.92	Birds
31	Spectrogram 1	1	7393.579452269	7395.414266175	475.676	810.811	1.8348	335.135	-65.15	Domestic birds
32	Spectrogram 1	1	7394.570448015	7395.306335945	1156.757	1416.216	0.7359	259.459	-67.42	Domestic birds
33	Spectrogram 1	1	7395.870543779	7396.086404239	5563.485	5898.620	0.2159	335.135	-74.94	Birds
34	Spectrogram 1	1	7396.312076537	7396.488689641	5087.810	5920.242	0.1766	832.432	-69.15	Birds
35	Spectrogram 1	1	7397.852535271	7398.205761478	3531.053	5725.647	0.3532	2194.595	-76.19	Birds
36	Spectrogram 1	1	7398.804283661	7399.147698029	2514.837	2947.269	0.3434	432.432	-70.63	Birds
37	Spectrogram 1	1	7401.129689521	7402.120685267	313.514	475.676	0.9910	162.162	-64.14	unknown
38	Spectrogram 1	1	7396.282641020	7396.429818606	6222.869	7714.761	0.1472	1491.892	-70.51	Birds
39	Spectrogram 1	1	7399.314499293	7399.451865040	4579.626	5282.328	0.1374	702.703	-72.20	Birds
40	Spectrogram 1	1	7399.442053201	7399.599042626	5509.356	6503.950	0.1570	994.595	-70.57	Birds
41	Spectrogram 1	1	7399.540171591	7399.863962281	6774.220	7812.058	0.3238	1037.838	-73.35	Birds
42	Spectrogram 1	1	7399.833066885	7399.960620793	3638.027	5248.838	0.1276	1610.811	-68.73	Birds
43	Spectrogram 1	1	7399.911561598	7400.196104931	3075.865	4665.054	0.2845	1589.189	-66.52	Birds
44	Spectrogram 1	1	7400.559142977	7400.686696885	5000.189	5562.351	0.1276	562.162	-74.09	Birds
45	Spectrogram 1	1	7400.784815275	7401.000675735	4654.243	5270.459	0.2159	616.216	-73.04	Birds
46	Spectrogram 1	1	7401.010487574	7401.334278263	6740.730	7897.486	0.3238	1156.757	-65.57	Birds
47	Spectrogram 1	1	7400.784815275	7401.138041482	5573.162	7356.946	0.3532	1783.784	-65.26	Birds
48	Spectrogram 1	1	7402.030918837	7402.168284584	6048.838	6686.675	0.1374	637.838	-63.77	Birds
49	Spectrogram 1	1	7402.040730676	7402.452827917	3194.784	5605.594	0.4121	2410.811	-65.93	Birds
50	Spectrogram 1	1	7402.511698952	7402.737371250	6286.675	7778.567	0.2257	1491.892	-63.03	Birds
51	Spectrogram 1	1	7402.286026653	7402.511698952	5648.838	6546.135	0.2257	897.297	-67.91	Birds
52	Spectrogram 1	1	7404.120840559	7404.356324697	6622.340	7757.475	0.2355	1135.135	-71.25	Birds
53	Spectrogram 1	1	7403.924603778	7404.150276076	5552.070	6654.772	0.2257	1102.703	-70.64	Birds
54	Spectrogram 1	1	7402.531322630	7402.835489641	3000.718	5843.961	0.3042	2843.243	-65.97	Birds
55	Spectrogram 1	1	7406.711166074	7406.868155499	6795.313	7898.016	0.1570	1102.703	-68.84	Birds
56	Spectrogram 1	1	7406.475681936	7406.750413430	5530.448	6838.556	0.2747	1308.108	-70.61	Birds
57	Spectrogram 1	1	7405.396379638	7405.543557224	6449.367	7735.853	0.1472	1286.486	-68.02	Birds
58	Spectrogram 1	1	7405.180519179	7405.455250673	5584.502	6546.664	0.2747	962.162	-67.83	Birds
59	Spectrogram 1	1	7406.406999063	7406.534552970	4384.502	5195.313	0.1276	810.811	-69.66	Birds
60	Spectrogram 1	1	7406.171514925	7406.328504350	4881.799	5573.691	0.1570	691.892	-70.82	Birds
61	Spectrogram 1	1	7404.905787685	7405.013717915	5000.718	5660.178	0.1079	659.459	-73.20	Birds
62	Spectrogram 1	1	7405.111836305	7405.288449409	4514.232	5422.340	0.1766	908.108	-70.28	Birds
63	Spectrogram 1	1	7403.044637000	7406.998808145	6427.745	6870.988	3.9542	443.243	-70.81	Insects
64	Spectrogram 1	1	7403.486169758	7403.711842057	4819.127	6786.694	0.2257	1967.568	-64.16	Birds
65	Spectrogram 1	1	7403.839395965	7404.006197229	2959.667	5370.478	0.1668	2410.811	-62.73	Birds
66	Spectrogram 1	1	7403.545040792	7403.859019643	3629.938	5327.235	0.3140	1697.297	-62.51	Birds
67	Spectrogram 1	1	7406.488592514	7406.596522743	1591.608	1948.365	0.1079	356.757	-68.89	Birds
68	Spectrogram 1	1	7408.244911707	7408.450960328	1764.581	2153.771	0.2060	389.189	-71.90	Birds
69	Spectrogram 1	1	7407.960368374	7408.176228834	1613.230	1969.987	0.2159	356.757	-72.58	Birds
70	Spectrogram 1	1	7410.663049698	7410.721920732	9117.596	9441.920	0.0589	324.324	-62.90	Birds
71	Spectrogram 1	1	7410.996652226	7411.055523261	9095.974	9452.731	0.0589	356.757	-63.29	Birds
72	Spectrogram 1	1	7410.963735482	7412.003790424	1286.486	2464.865	1.0401	1178.378	-67.76	Birds
73	Spectrogram 1	1	7411.576565685	7412.086781316	248.649	616.216	0.5102	367.568	-62.98	Mammals
74	Spectrogram 1	1	7418.510659650	7422.347088727	255.034	617.450	3.8364	362.416	-64.27	Mammals
75	Spectrogram 1	1	7414.030325895	7414.383552102	1635.484	1906.452	0.3532	270.968	-71.29	Birds
76	Spectrogram 1	1	7414.422799458	7414.815273021	2341.935	2874.194	0.3925	532.258	-74.93	Birds
77	Spectrogram 1	1	7416.465558657	7416.681419117	1132.258	1374.194	0.2159	241.935	-67.71	Birds
78	Spectrogram 1	1	7415.101713026	7415.347009003	5047.609	5618.577	0.2453	570.968	-74.44	Birds
79	Spectrogram 1	1	7416.907091415	7417.221070266	3683.093	5560.512	0.3140	1877.419	-75.12	Birds
80	Spectrogram 1	1	7417.662603024	7417.966770035	1712.903	2158.065	0.3042	445.161	-72.60	Birds
81	Spectrogram 1	1	7418.172818655	7418.633975092	1451.613	1954.839	0.4612	503.226	-72.92	Birds
82	Spectrogram 1	1	7420.884047381	7421.168590714	1616.129	1867.742	0.2845	251.613	-72.72	Birds
83	Spectrogram 1	1	7421.355015656	7421.590499794	1654.839	1916.129	0.2355	261.290	-72.56	Birds
84	Spectrogram 1	1	7420.991977611	7421.718053702	1170.968	1519.355	0.7261	348.387	-72.56	Birds
85	Spectrogram 1	1	7422.022220713	7422.277328529	3435.484	5574.194	0.2551	2138.710	-76.81	Birds
86	Spectrogram 1	1	7423.807975424	7423.984588527	5196.774	5516.129	0.1766	319.355	-74.74	Birds
87	Spectrogram 1	1	7425.701660365	7426.162816801	3193.548	5254.839	0.4612	2061.290	-68.02	Birds
88	Spectrogram 1	1	7423.912041676	7424.147525814	1703.226	1935.484	0.2355	232.258	-72.71	Birds
89	Spectrogram 1	1	7420.723193978	7420.978301794	3512.903	5148.387	0.2551	1635.484	-77.16	Birds
90	Spectrogram 1	1	7424.620328357	7424.846000656	1372.240	1798.107	0.2257	425.868	-72.98	Birds
91	Spectrogram 1	1	7428.289956170	7428.711865250	1712.934	2091.483	0.4219	378.549	-73.09	Birds
92	Spectrogram 1	1	7427.592932976	7427.906911826	1637.224	1911.672	0.3140	274.448	-73.02	Birds
93	Spectrogram 1	1	7428.799789182	7431.900330328	264.984	567.823	3.1005	302.839	-62.40	Mammal
94	Spectrogram 1	1	7433.156245729	7433.676273200	1741.325	2593.060	0.5200	851.735	-63.67	Birds
95	Spectrogram 1	1	7430.036080905	7430.271565042	1600.624	1890.796	0.2355	290.172	-71.88	Birds
96	Spectrogram 1	1	7430.438366307	7430.732721479	1544.462	1900.156	0.2944	355.694	-73.86	Birds
97	Spectrogram 1	1	7429.123579871	7429.466994239	1179.407	1329.173	0.3434	149.766	-70.63	Birds
98	Spectrogram 1	1	7426.906104241	7427.406508034	1581.903	1965.679	0.5004	383.775	-74.20	Birds
99	Spectrogram 1	1	7430.605167571	7430.948581938	3532.647	5666.812	0.3434	2134.165	-75.97	Birds
100	Spectrogram 1	1	7433.421165384	7433.568342970	3485.845	5451.524	0.1472	1965.679	-73.69	Birds
101	Spectrogram 1	1	7433.617402165	7433.794015269	3036.547	5535.767	0.1766	2499.220	-75.20	Birds
102	Spectrogram 1	1	7432.646342117	7433.244864300	1619.345	1881.435	0.5985	262.090	-72.78	Birds
103	Spectrogram 1	1	7433.784515449	7434.010187747	1319.813	1609.984	0.2257	290.172	-69.75	Birds
104	Spectrogram 1	1	7435.040430850	7435.334786022	1619.345	1937.598	0.2944	318.253	-72.87	Birds
105	Spectrogram 1	1	7436.257098894	7436.472959354	1628.705	1890.796	0.2159	262.090	-71.04	Birds
106	Spectrogram 1	1	7437.218659123	7437.522826135	907.956	1338.534	0.3042	430.577	-68.81	Birds
107	Spectrogram 1	1	7437.905487858	7438.288149582	3017.393	5881.668	0.3827	2864.275	-76.39	Birds
108	Spectrogram 1	1	7438.785259228	7439.148297274	1394.696	1900.156	0.3630	505.460	-72.30	Birds
109	Spectrogram 1	1	7439.570206354	7439.874373365	1638.066	2078.003	0.3042	439.938	-72.97	Birds
110	Spectrogram 1	1	7387.375096832	7388.267974187	290.172	617.785	0.8929	327.613	-68.18	Mammals
111	Spectrogram 1	1	7393.632364324	7393.975778691	1226.209	1572.543	0.3434	346.334	-71.34	Birds
112	Spectrogram 1	1	7394.436935127	7394.436935127	1703.588	1703.588	0.0000	0.000	-86.68	Birds
113	Spectrogram 1	1	7395.251317770	7395.526049264	1694.228	1975.039	0.2747	280.811	-72.72	Birds
114	Spectrogram 1	1	7393.916907657	7394.378064093	1712.949	1900.156	0.4612	187.207	-72.96	Birds
115	Spectrogram 1	1	7397.635594664	7398.185057652	1310.452	1647.426	0.5495	336.973	-72.27	Birds
116	Spectrogram 1	1	7397.893480970	7398.246707176	1752.705	1901.082	0.3532	148.377	-73.43	Birds
117	Spectrogram 1	1	7405.879634821	7406.272108384	1567.233	2049.459	0.3925	482.226	-73.41	Birds
118	Spectrogram 1	1	7411.086349278	7411.449387324	621.329	927.357	0.3630	306.028	-64.21	Domestic mammals
