Selection	View	Channel	Begin Time (s)	End Time (s)	Low Freq (Hz)	High Freq (Hz)	Delta Time (s)	Delta Freq (Hz)	Avg Power Density (dB FS/Hz)	Annotation
1	Spectrogram 1	1	20100.000000000	20100.186424942	2248.749	4707.382	0.1864	2458.633	-68.66	Birds
2	Spectrogram 1	1	20100.372849885	20100.618145861	2068.850	3807.882	0.2453	1739.033	-72.64	Birds
3	Spectrogram 1	1	20100.726076091	20100.912501034	1828.983	3448.083	0.1864	1619.100	-68.91	Birds
4	Spectrogram 1	1	20101.265727240	20101.511023217	2698.499	4467.516	0.2453	1769.016	-70.55	Birds
5	Spectrogram 1	1	20102.227287469	20102.472583446	2728.483	4527.482	0.2453	1799.000	-72.49	Birds
6	Spectrogram 1	1	20102.521642641	20102.786562296	2158.800	4407.549	0.2649	2248.749	-66.70	Birds
7	Spectrogram 1	1	20103.267342410	20103.522450226	2428.649	4257.632	0.2551	1828.983	-72.41	Birds
8	Spectrogram 1	1	20104.327021030	20104.572317007	3238.199	4887.282	0.2453	1649.083	-73.81	Birds
9	Spectrogram 1	1	20104.640999880	20104.797989305	2998.333	4947.249	0.1570	1948.916	-73.08	Birds
10	Spectrogram 1	1	20104.866672179	20105.023661604	3118.266	3927.816	0.1570	809.550	-74.63	Birds
11	Spectrogram 1	1	20103.856052755	20104.336832869	2038.866	2758.466	0.4808	719.600	-75.17	Birds
12	Spectrogram 1	1	20104.974602409	20105.249333903	2518.599	3178.233	0.2747	659.633	-71.30	Birds
13	Spectrogram 1	1	20105.857667925	20106.142211258	2188.783	4707.382	0.2845	2518.599	-71.33	Birds
14	Spectrogram 1	1	20106.770168958	20107.005653096	1978.900	3418.099	0.2355	1439.200	-73.16	Birds
15	Spectrogram 1	1	20107.074335970	20107.309820107	2428.649	3867.849	0.2355	1439.200	-73.11	Birds
16	Spectrogram 1	1	20107.829847578	20108.055519877	4047.749	5337.032	0.2257	1289.283	-72.28	Birds
17	Spectrogram 1	1	20108.291004014	20108.555923669	2488.616	4077.732	0.2649	1589.116	-71.69	Birds
18	Spectrogram 1	1	20108.477428957	20108.820843324	2818.433	3807.882	0.3434	989.450	-66.97	Birds
19	Spectrogram 1	1	20101.049866781	20101.236291723	5426.982	7795.665	0.1864	2368.683	-74.23	Birds
20	Spectrogram 1	1	20101.265727240	20101.393281148	5217.099	8215.431	0.1276	2998.333	-73.53	Birds
21	Spectrogram 1	1	20101.452152182	20101.648388964	4887.282	8665.181	0.1962	3777.899	-75.00	Birds
22	Spectrogram 1	1	20100.009811839	20100.333602528	6896.165	7405.882	0.3238	509.717	-73.49	Birds
23	Spectrogram 1	1	20102.217475630	20102.305782182	5546.915	7525.815	0.0883	1978.900	-73.78	Birds
24	Spectrogram 1	1	20106.348259878	20106.554308499	5606.882	6866.182	0.2060	1259.300	-74.19	Birds
25	Spectrogram 1	1	20106.632803211	20106.809416315	4977.232	5456.965	0.1766	479.733	-71.03	Birds
26	Spectrogram 1	1	20106.132399419	20106.318824361	5187.115	6476.399	0.1864	1289.283	-76.29	Birds
27	Spectrogram 1	1	20106.515061143	20106.750545280	3508.049	4737.366	0.2355	1229.316	-75.95	Birds
28	Spectrogram 1	1	20108.595171026	20108.703101255	2098.833	2728.483	0.1079	629.650	-71.98	Birds
29	Spectrogram 1	1	20108.918961715	20109.380118151	2128.816	2788.449	0.4612	659.633	-76.39	Birds
30	Spectrogram 1	1	20109.193693209	20109.438989186	2758.466	4617.432	0.2453	1858.966	-74.03	Birds
31	Spectrogram 1	1	20109.517483898	20109.870710105	1799.000	4677.399	0.3532	2878.399	-71.25	Birds
32	Spectrogram 1	1	20109.478236542	20109.723532519	5067.182	5726.815	0.2453	659.633	-75.88	Birds
33	Spectrogram 1	1	20110.125817921	20110.508479644	2578.566	4647.416	0.3827	2068.850	-72.70	Birds
34	Spectrogram 1	1	20110.516003995	20110.584686868	5576.899	6176.565	0.0687	599.667	-74.47	Birds
35	Spectrogram 1	1	20110.702428937	20110.820171006	5007.216	5307.049	0.1177	299.833	-72.73	Birds
36	Spectrogram 1	1	20110.986972270	20111.173397213	5307.049	5876.732	0.1864	569.683	-75.15	Birds
37	Spectrogram 1	1	20111.379445833	20111.556058936	5486.949	7915.598	0.1766	2428.649	-72.49	Birds
38	Spectrogram 1	1	20111.575682615	20111.722860201	5127.149	8155.465	0.1472	3028.316	-72.56	Birds
39	Spectrogram 1	1	20111.781731235	20111.928908821	5157.132	8365.348	0.1472	3208.216	-73.29	Birds
40	Spectrogram 1	1	20112.154581120	20112.409688936	5606.882	6116.599	0.2551	509.717	-73.79	Birds
41	Spectrogram 1	1	20111.006595949	20111.261703764	1828.983	4647.416	0.2551	2818.433	-68.43	Birds
42	Spectrogram 1	1	20111.605118132	20111.919096982	2578.566	4707.382	0.3140	2128.816	-72.59	Birds
43	Spectrogram 1	1	20112.242887671	20112.439124453	1948.916	4617.432	0.1962	2668.516	-76.81	Birds
44	Spectrogram 1	1	20112.635361234	20112.978775602	2308.716	4977.232	0.3434	2668.516	-67.02	Birds
45	Spectrogram 1	1	20113.744099049	20114.018830543	2848.416	5546.915	0.2747	2698.499	-71.59	Birds
46	Spectrogram 1	1	20114.322997554	20114.529046175	1918.933	3568.016	0.2060	1649.083	-67.69	Birds
47	Spectrogram 1	1	20114.941143416	20115.215874910	2188.783	5756.799	0.2747	3568.016	-65.70	Birds
48	Spectrogram 1	1	20115.382676174	20115.706466863	2518.599	4107.716	0.3238	1589.116	-73.38	Birds
49	Spectrogram 1	1	20115.784961576	20115.941951001	5786.782	7195.998	0.1570	1409.216	-68.59	Birds
50	Spectrogram 1	1	20115.977459187	20116.271814359	2128.816	4467.516	0.2944	2338.699	-61.65	Birds
51	Spectrogram 1	1	20116.536734014	20116.821277347	2308.716	4467.516	0.2845	2158.800	-72.81	Birds
52	Spectrogram 1	1	20117.086197002	20117.302057462	1978.900	3268.183	0.2159	1289.283	-63.75	Birds
53	Spectrogram 1	1	20116.899772060	20117.302057462	4587.449	5486.949	0.4023	899.500	-74.73	Birds
54	Spectrogram 1	1	20117.910391484	20118.116440105	2008.883	4857.299	0.2060	2848.416	-64.51	Birds
55	Spectrogram 1	1	20117.184315393	20117.684719185	5546.915	8035.531	0.5004	2488.616	-73.04	Birds
56	Spectrogram 1	1	20117.812273093	20118.567784702	5007.216	5996.665	0.7555	989.450	-71.32	Birds
57	Spectrogram 1	1	20118.253805851	20118.587408380	2368.683	3867.849	0.3336	1499.166	-71.52	Birds
58	Spectrogram 1	1	20117.586600795	20117.822084932	3028.316	4227.649	0.2355	1199.333	-72.83	Birds
59	Spectrogram 1	1	20119.078000333	20119.450850218	2218.766	4347.582	0.3728	2128.816	-63.35	Birds
60	Spectrogram 1	1	20119.902194815	20120.196549987	3418.099	5307.049	0.2944	1888.950	-71.69	Birds
61	Spectrogram 1	1	20120.068996079	20120.275044700	5696.832	6116.599	0.2060	419.767	-73.34	Birds
62	Spectrogram 1	1	20120.628270906	20120.883378722	2188.783	4827.316	0.2551	2638.533	-63.51	Birds
63	Spectrogram 1	1	20120.196549987	20120.539964355	2638.533	3897.832	0.3434	1259.300	-72.12	Birds
64	Spectrogram 1	1	20121.373970676	20121.668325848	2338.699	5786.782	0.2944	3448.083	-66.93	Birds
65	Spectrogram 1	1	20122.306095388	20122.629886077	2248.749	4137.699	0.3238	1888.950	-61.60	Birds
66	Spectrogram 1	1	20119.561879153	20119.738492257	1888.950	2698.499	0.1766	809.550	-73.50	Birds
67	Spectrogram 1	1	20119.856234325	20119.983788233	1799.000	2758.466	0.1276	959.466	-75.10	Birds
68	Spectrogram 1	1	20120.091718463	20120.238896049	1709.050	2908.383	0.1472	1199.333	-73.55	Birds
69	Spectrogram 1	1	20120.670616968	20120.827606393	1709.050	2128.816	0.1570	419.767	-72.69	Birds
70	Spectrogram 1	1	20121.971095319	20122.157520261	2098.833	3328.149	0.1864	1229.316	-74.84	Birds
71	Spectrogram 1	1	20122.069213710	20122.216391296	5456.965	7705.715	0.1472	2248.749	-74.78	Birds
72	Spectrogram 1	1	20123.256446237	20123.540989570	2098.833	3807.882	0.2845	1709.050	-63.41	Birds
73	Spectrogram 1	1	20123.933463133	20124.227818305	2548.583	5726.815	0.2944	3178.233	-66.49	Birds
74	Spectrogram 1	1	20123.668543478	20123.845156582	3717.932	5606.882	0.1766	1888.950	-74.31	Birds
75	Spectrogram 1	1	20124.610480029	20125.218814051	4827.316	5936.699	0.6083	1109.383	-71.84	Birds
76	Spectrogram 1	1	20124.345560374	20124.581044512	2368.683	4257.632	0.2355	1888.950	-71.15	Birds
77	Spectrogram 1	1	20125.140319339	20125.513169223	2158.800	5187.115	0.3728	3028.316	-62.61	Birds
78	Spectrogram 1	1	20124.639915546	20124.816528649	1858.966	3538.033	0.1766	1679.066	-65.74	Birds
79	Spectrogram 1	1	20125.876207269	20126.160750602	2098.833	5097.165	0.2845	2998.333	-64.14	Birds
80	Spectrogram 1	1	20126.150938763	20126.347175544	2608.549	4107.716	0.1962	1499.166	-70.91	Birds
81	Spectrogram 1	1	20126.916262211	20127.357794969	2038.866	4197.666	0.4415	2158.800	-61.38	Birds
82	Spectrogram 1	1	20127.681585658	20127.975940830	2548.583	5696.832	0.2944	3148.249	-63.67	
83	Spectrogram 1	1	20128.495968301	20128.741264278	2398.666	5097.165	0.2453	2698.499	-61.52	Birds
84	Spectrogram 1	1	20129.182797036	20129.555646920	2308.716	3927.816	0.3728	1619.100	-60.43	Birds
85	Spectrogram 1	1	20130.016803357	20130.448524276	2248.749	4677.399	0.4317	2428.649	-60.67	Birds
86	Spectrogram 1	1	20131.017610942	20131.478767378	2218.766	5666.849	0.4612	3448.083	-65.83	Birds
87	Spectrogram 1	1	20122.913031870	20123.384000145	1289.283	2818.433	0.4710	1529.150	-72.90	Birds
88	Spectrogram 1	1	20124.139511754	20124.531985316	1049.416	1739.033	0.3925	689.617	-75.23	Birds
89	Spectrogram 1	1	20125.189378534	20125.611287614	1349.250	1948.916	0.4219	599.667	-72.82	Birds
90	Spectrogram 1	1	20126.641530717	20126.955509567	5696.832	6626.315	0.3140	929.483	-72.01	Birds
91	Spectrogram 1	1	20129.850002093	20130.105109908	5906.715	7166.015	0.2551	1259.300	-69.50	Birds
92	Spectrogram 1	1	20123.943274972	20124.571232673	5516.932	7795.665	0.6280	2278.733	-72.37	Birds
93	Spectrogram 1	1	20131.861420840	20132.057657621	2578.566	6086.615	0.1962	3508.049	-62.35	Birds
94	Spectrogram 1	1	20132.764110034	20133.048653367	2038.866	5456.965	0.2845	3418.099	-61.39	Birds
95	Spectrogram 1	1	20133.460750608	20133.735482102	2728.483	4077.732	0.2747	1349.250	-72.70	Birds
96	Spectrogram 1	1	20132.126340495	20132.685615322	2398.666	6086.615	0.5593	3687.949	-74.10	Birds
97	Spectrogram 1	1	20134.147579343	20134.510617389	2368.683	5666.849	0.3630	3298.166	-65.18	Birds
98	Spectrogram 1	1	20134.716666009	20134.893279112	2218.766	3148.249	0.1766	929.483	-71.49	Birds
99	Spectrogram 1	1	20135.148386928	20135.364247388	1679.066	3538.033	0.2159	1858.966	-67.37	Birds
100	Spectrogram 1	1	20135.815591985	20136.168818192	4047.749	6476.399	0.3532	2428.649	-67.31	Birds
101	Spectrogram 1	1	20132.872040264	20133.735482102	1109.383	1559.133	0.8634	449.750	-75.24	Birds
102	Spectrogram 1	1	20136.100135318	20136.404302329	2428.649	4197.666	0.3042	1769.016	-72.69	Birds
103	Spectrogram 1	1	20136.492608881	20136.826211409	2008.883	4467.516	0.3336	2458.633	-61.19	Birds
104	Spectrogram 1	1	20137.199061294	20137.513040144	2098.833	5696.832	0.3140	3597.999	-65.61	Birds
105	Spectrogram 1	1	20137.552287500	20137.787771638	2458.633	4167.682	0.2355	1709.050	-72.31	Birds
106	Spectrogram 1	1	20137.306991524	20137.905513707	1709.050	1978.900	0.5985	269.850	-73.35	Birds
107	Spectrogram 1	1	20138.113521371	20138.456935738	2128.816	4437.532	0.3434	2308.716	-62.41	Birds
108	Spectrogram 1	1	20139.114328956	20139.477367001	2128.816	4257.632	0.3630	2128.816	-61.08	Birds
109	Spectrogram 1	1	20138.780726427	20139.418495967	1469.183	2338.699	0.6378	869.516	-72.42	Birds
110	Spectrogram 1	1	20137.647236487	20139.050329474	5367.015	7795.665	1.4031	2428.649	-74.63	Birds
111	Spectrogram 1	1	20139.513890009	20139.896551733	4857.299	5337.032	0.3827	479.733	-75.07	Birds
112	Spectrogram 1	1	20139.906363572	20140.387143687	5067.182	6026.649	0.4808	959.466	-66.65	Birds
113	Spectrogram 1	1	20140.092788515	20140.289025296	3208.216	4917.266	0.1962	1709.050	-65.18	Birds
114	Spectrogram 1	1	20140.338084491	20140.603004146	1799.000	4197.666	0.2649	2398.666	-71.94	Birds
115	Spectrogram 1	1	20140.966042192	20141.289832881	1769.016	3478.066	0.3238	1709.050	-66.22	Birds
116	Spectrogram 1	1	20141.417386789	20142.025720811	5187.115	6566.348	0.6083	1379.233	-57.52	Birds
117	Spectrogram 1	1	20141.770612996	20142.064968168	1649.083	5007.216	0.2944	3358.133	-65.37	Birds
118	Spectrogram 1	1	20141.495881502	20141.819672191	2458.633	3777.899	0.3238	1319.266	-71.21	Birds
119	Spectrogram 1	1	20142.428006213	20143.085399431	5217.099	8095.498	0.6574	2878.399	-47.91	Birds
120	Spectrogram 1	1	20142.682731410	20143.045769455	2158.800	4857.299	0.3630	2698.499	-60.91	Birds
121	Spectrogram 1	1	20143.271441754	20143.860152098	5367.015	8215.431	0.5887	2848.416	-47.37	Birds
122	Spectrogram 1	1	20144.017141523	20144.546980833	5157.132	7975.565	0.5298	2818.433	-47.16	Birds
123	Spectrogram 1	1	20143.438243018	20143.673727156	2278.733	3867.849	0.2355	1589.116	-69.14	Birds
124	Spectrogram 1	1	20143.762033707	20144.095636236	2278.733	4887.282	0.3336	2608.549	-62.07	Birds
125	Spectrogram 1	1	20144.272249339	20144.762841292	1229.316	1589.116	0.4906	359.800	-70.11	Birds
126	Spectrogram 1	1	20144.664722902	20145.184750372	1948.916	4407.549	0.5200	2458.633	-63.70	Birds
127	Spectrogram 1	1	20144.546980833	20144.919830718	4977.232	5396.999	0.3728	419.767	-71.22	Birds
128	Spectrogram 1	1	20145.096443821	20146.067815889	4467.516	5996.665	0.9714	1529.150	-73.56	Birds
129	Spectrogram 1	1	20145.881390946	20146.058004050	2698.499	3957.799	0.1766	1259.300	-70.77	Birds
130	Spectrogram 1	1	20146.519160486	20146.882198532	2578.566	5486.949	0.3630	2908.383	-63.35	Birds
131	Spectrogram 1	1	20147.127494508	20147.451285198	2008.883	3568.016	0.3238	1559.133	-64.09	Birds
132	Spectrogram 1	1	20147.853570600	20148.285291519	2278.733	5247.082	0.4317	2968.349	-64.86	Birds
133	Spectrogram 1	1	20145.292680602	20145.851955429	6836.198	8215.431	0.5593	1379.233	-74.07	Birds
134	Spectrogram 1	1	20148.579646691	20148.697388760	5936.699	7585.782	0.1177	1649.083	-69.96	Birds
135	Spectrogram 1	1	20148.742771156	20149.282422305	2308.716	4107.716	0.5397	1799.000	-61.79	Birds
136	Spectrogram 1	1	20149.684707707	20149.988874718	4047.749	6206.549	0.3042	2158.800	-68.20	Birds
137	Spectrogram 1	1	20150.224358856	20150.793445522	1049.416	1469.183	0.5691	419.767	-61.35	Birds
138	Spectrogram 1	1	20150.293041729	20150.557961384	2608.549	3927.816	0.2649	1319.266	-71.66	Birds
139	Spectrogram 1	1	20150.616832418	20150.940623108	1918.933	4647.416	0.3238	2728.483	-62.85	Birds
140	Spectrogram 1	1	20150.479466671	20150.734574487	5037.199	5606.882	0.2551	569.683	-73.98	Birds
141	Spectrogram 1	1	20151.264413797	20151.686322877	2398.666	5187.115	0.4219	2788.449	-62.54	Birds
142	Spectrogram 1	1	20151.372344027	20152.088608279	4977.232	5816.765	0.7163	839.533	-69.96	Birds
143	Spectrogram 1	1	20152.186726670	20152.441834486	2458.633	5067.182	0.2551	2608.549	-62.08	Birds
144	Spectrogram 1	1	20151.941430693	20152.196538509	2458.633	3717.932	0.2551	1259.300	-70.35	Birds
145	Spectrogram 1	1	20152.726377819	20153.001109313	2548.583	4647.416	0.2747	2098.833	-72.66	Birds
146	Spectrogram 1	1	20153.805680116	20154.001916898	1858.966	3388.116	0.1962	1529.150	-65.95	Birds
147	Spectrogram 1	1	20154.026286371	20154.251958670	2390.220	3674.963	0.2257	1284.743	-69.85	Birds
148	Spectrogram 1	1	20154.389324417	20154.605184876	2629.242	6513.350	0.2159	3884.108	-65.52	Birds
149	Spectrogram 1	1	20155.056529473	20155.350884646	2151.198	4212.763	0.2944	2061.565	-62.36	Birds
150	Spectrogram 1	1	20155.929783151	20156.175079127	2270.709	5826.162	0.2453	3555.452	-61.85	Birds
151	Spectrogram 1	1	20156.695106598	20157.058144644	2091.443	5497.506	0.3630	3406.064	-63.87	Birds
152	Spectrogram 1	1	20155.802229243	20156.076960737	1344.499	2001.809	0.2747	657.311	-74.59	Birds
153	Spectrogram 1	1	20156.371315909	20156.557740851	1882.298	3167.042	0.1864	1284.743	-72.29	Birds
154	Spectrogram 1	1	20157.352499816	20157.715537861	2300.587	5228.606	0.3630	2928.020	-62.36	Birds
155	Spectrogram 1	1	20158.294436367	20158.618227056	2061.565	4660.929	0.3238	2599.364	-60.79	Birds
156	Spectrogram 1	1	20155.600419023	20155.845715000	2778.631	4332.274	0.2453	1553.643	-75.49	Birds
157	Spectrogram 1	1	20158.671524652	20158.975691663	2390.220	4481.663	0.3042	2091.443	-71.66	Birds
158	Spectrogram 1	1	20159.407412582	20159.721391433	2240.831	3734.719	0.3140	1493.888	-60.29	Birds
159	Spectrogram 1	1	20159.731203272	20159.999979167	2479.853	4541.418	0.2688	2061.565	-70.88	Birds
160	Spectrogram 1	1	20158.082814308	20158.357545802	5527.384	7947.482	0.2747	2420.098	-71.31	Birds
161	Spectrogram 1	1	20158.593029939	20158.759831204	5437.751	7170.660	0.1668	1732.910	-72.85	Birds
162	Spectrogram 1	1	20158.838325916	20159.515342812	4182.885	6184.695	0.6770	2001.809	-73.47	Birds
163	Spectrogram 1	1	20157.759023619	20158.063190630	2629.242	4123.130	0.3042	1493.888	-71.51	Birds
164	Spectrogram 1	1	20100.000000000	20159.999979167	6549.296	7352.113	60.0000	802.817	-57.78	Insects
