Selection	View	Channel	Begin Time (s)	End Time (s)	Low Freq (Hz)	High Freq (Hz)	Delta Time (s)	Delta Freq (Hz)	Avg Power Density (dB FS/Hz)	Annotation
1	Spectrogram 1	1	4560.000000000	4619.999979167	6254.545	7127.273	60.0000	872.727	-67.10	Insects
2	Spectrogram 1	1	4560.000000000	4560.695792831	4427.103	6210.242	0.6958	1783.139	-64.67	Birds
3	Spectrogram 1	1	4561.196424258	4561.357644548	5779.829	6978.836	0.1612	1199.007	-61.75	Birds
4	Spectrogram 1	1	4560.678822274	4560.763675059	2736.196	3012.890	0.0849	276.694	-63.47	Birds
5	Spectrogram 1	1	4560.899439513	4561.060659803	1014.545	1506.445	0.1612	491.900	-65.62	Birds
6	Spectrogram 1	1	4561.255821207	4562.155260721	1967.601	2859.171	0.8994	891.569	-57.34	Birds
7	Spectrogram 1	1	4562.095863772	4563.402596650	1199.007	2152.064	1.3067	953.057	-62.33	Birds
8	Spectrogram 1	1	4562.257084062	4562.494671858	4211.897	8393.050	0.2376	4181.153	-60.74	Birds
9	Spectrogram 1	1	4563.334714422	4563.691096116	2582.477	7593.712	0.3564	5011.235	-59.97	Birds
10	Spectrogram 1	1	4564.013536696	4564.191727543	4273.384	4826.772	0.1782	553.388	-67.86	Birds
11	Spectrogram 1	1	4564.420830061	4565.922724343	1844.626	2736.196	1.5019	891.569	-69.27	Birds
12	Spectrogram 1	1	4565.252387347	4565.515430978	4396.360	7747.431	0.2630	3351.071	-64.81	Birds
13	Spectrogram 1	1	4565.684340998	4565.930414072	1106.776	1475.701	0.2461	368.925	-69.39	Birds
14	Spectrogram 1	1	4566.507413005	4567.152294166	1168.263	1475.701	0.6449	307.438	-68.03	Birds
15	Spectrogram 1	1	4567.652925593	4569.553627961	276.694	553.388	1.9007	276.694	-63.58	Mammals
16	Spectrogram 1	1	4568.459027044	4568.739041232	4703.797	5318.673	0.2800	614.875	-65.35	Birds
17	Spectrogram 1	1	4568.416600652	4568.739041232	5933.548	6671.399	0.3224	737.851	-61.60	Birds
18	Spectrogram 1	1	4567.398367240	4567.949910338	4857.516	5472.392	0.5515	614.875	-70.07	Birds
19	Spectrogram 1	1	4573.130840222	4573.716324433	4088.922	7839.662	0.5855	3750.740	-66.98	Birds
20	Spectrogram 1	1	4572.621723516	4573.130840222	2613.221	3289.584	0.5091	676.363	-71.83	Birds
21	Spectrogram 1	1	4573.648442206	4573.775721382	2951.402	3320.327	0.1273	368.925	-63.92	Birds
22	Spectrogram 1	1	4573.741780269	4574.683646174	2182.808	8761.975	0.9419	6579.167	-65.21	Birds
23	Spectrogram 1	1	4574.853351743	4575.260645107	7870.406	9807.264	0.4073	1936.858	-69.01	Birds
24	Spectrogram 1	1	4574.963660362	4575.337012613	4642.310	5257.185	0.3734	614.875	-71.45	Birds
25	Spectrogram 1	1	4575.421865397	4575.803702927	2736.196	3351.071	0.3818	614.875	-59.23	Birds
26	Spectrogram 1	1	4574.692131453	4575.481262346	1321.982	1752.395	0.7891	430.413	-63.29	Birds
27	Spectrogram 1	1	4575.684909029	4577.042553577	1906.114	2551.733	1.3576	645.619	-55.51	Birds
28	Spectrogram 1	1	4578.281404228	4579.121446792	5749.086	8085.612	0.8400	2336.527	-63.23	Birds
29	Spectrogram 1	1	4579.081251359	4581.143174017	307.438	645.619	2.0619	338.182	-65.51	Mammals
30	Spectrogram 1	1	4580.314411568	4580.959292728	2275.039	3105.121	0.6449	830.082	-70.58	Birds
31	Spectrogram 1	1	4582.080986129	4583.184072324	1045.288	1567.932	1.1031	522.644	-48.48	Birds
32	Spectrogram 1	1	4582.097956686	4582.708896732	1844.626	2766.940	0.6109	922.313	-68.94	Birds
33	Spectrogram 1	1	4582.751323125	4584.244732128	5041.979	5503.135	1.4934	461.157	-69.44	Birds
34	Spectrogram 1	1	4584.321099634	4584.949010237	3781.484	6302.473	0.6279	2520.989	-63.38	Birds
35	Spectrogram 1	1	4585.093259971	4585.865420308	4334.872	6056.523	0.7722	1721.651	-64.00	Birds
36	Spectrogram 1	1	4585.873905586	4586.035125876	2643.964	3074.377	0.1612	430.413	-64.14	Birds
37	Spectrogram 1	1	4586.484845633	4587.401255703	1936.858	2982.146	0.9164	1045.288	-59.01	Birds
38	Spectrogram 1	1	4587.307917640	4588.419489114	1352.726	2367.271	1.1116	1014.545	-62.63	Birds
39	Spectrogram 1	1	4586.009670041	4586.416963405	1076.032	1567.932	0.4073	491.900	-67.35	Birds
40	Spectrogram 1	1	4586.374537013	4586.595154252	5687.598	6363.961	0.2206	676.363	-64.31	Birds
41	Spectrogram 1	1	4588.351606887	4588.818297201	2213.552	8700.488	0.4667	6486.936	-61.71	Birds
42	Spectrogram 1	1	4592.345408523	4593.134539417	1199.007	1690.908	0.7891	491.900	-59.17	Birds
43	Spectrogram 1	1	4598.647321678	4599.258261725	4765.285	7562.968	0.6109	2797.683	-66.14	Birds
44	Spectrogram 1	1	4599.377055623	4600.166186517	3750.740	4396.360	0.7891	645.619	-63.89	Birds
45	Spectrogram 1	1	4600.098304289	4600.548024046	2213.552	3197.352	0.4497	983.801	-59.35	Birds
46	Spectrogram 1	1	4600.463171261	4601.922639151	1690.908	5164.954	1.4595	3474.046	-61.25	Birds
47	Spectrogram 1	1	4599.300688117	4599.996480948	1106.776	1660.164	0.6958	553.388	-67.46	Birds
48	Spectrogram 1	1	4599.190379497	4599.300688117	2551.733	2982.146	0.1103	430.413	-66.55	Birds
49	Spectrogram 1	1	4597.315132965	4600.157701238	338.182	830.082	2.8426	491.900	-67.84	Mammals
50	Spectrogram 1	1	4603.496847211	4603.793831956	1383.470	2059.833	0.2970	676.363	-69.80	Birds
51	Spectrogram 1	1	4604.370830889	4604.701756748	2766.940	3258.840	0.3309	491.900	-68.56	Birds
52	Spectrogram 1	1	4604.820550646	4605.176932340	2643.964	3012.890	0.3564	368.925	-67.50	Birds
53	Spectrogram 1	1	4604.803580089	4605.075108999	1629.420	1998.345	0.2715	368.925	-67.70	Birds
54	Spectrogram 1	1	4606.118798245	4606.458209383	1506.445	2059.833	0.3394	553.388	-68.19	Birds
55	Spectrogram 1	1	4604.011901114	4604.376768086	1321.982	1721.651	0.3649	399.669	-70.57	Birds
56	Spectrogram 1	1	4606.226573967	4606.964793190	276.694	830.082	0.7382	553.388	-68.42	Mammals
57	Spectrogram 1	1	4611.863956287	4612.220337981	1260.495	2582.477	0.3564	1321.982	-57.62	Birds
58	Spectrogram 1	1	4611.575456820	4611.762132946	1168.263	2059.833	0.1867	891.569	-66.20	Birds
59	Spectrogram 1	1	4612.423984663	4612.627631346	1752.395	2152.064	0.2036	399.669	-66.32	Birds
60	Spectrogram 1	1	4612.585204953	4612.839763306	1936.858	2643.964	0.2546	707.107	-55.84	Birds
61	Spectrogram 1	1	4612.407014106	4612.763395800	830.082	1813.883	0.3564	983.801	-63.66	Birds
62	Spectrogram 1	1	4612.831278028	4613.162203887	891.569	2275.039	0.3309	1383.470	-62.19	Birds
63	Spectrogram 1	1	4613.179174443	4613.357365290	1014.545	2520.989	0.1782	1506.445	-61.51	Birds
64	Spectrogram 1	1	4613.425247518	4613.951334780	860.826	2582.477	0.5261	1721.651	-54.36	Birds
65	Spectrogram 1	1	4613.976790616	4614.121040349	1291.238	2275.039	0.1442	983.801	-66.28	Birds
66	Spectrogram 1	1	4613.985275894	4614.324687031	768.594	2551.733	0.3394	1783.139	-56.90	Birds
67	Spectrogram 1	1	4614.341657588	4614.460451486	1045.288	2736.196	0.1188	1690.908	-59.39	Birds
68	Spectrogram 1	1	4614.409539815	4614.681068725	768.594	2674.708	0.2715	1906.114	-60.88	Birds
69	Spectrogram 1	1	4614.731980396	4614.978053470	553.388	2551.733	0.2461	1998.345	-60.68	Birds
70	Spectrogram 1	1	4614.901685964	4615.351405721	1229.751	2459.502	0.4497	1229.751	-51.35	Birds
71	Spectrogram 1	1	4615.275038215	4615.555052403	1199.007	3412.559	0.2800	2213.552	-58.04	Birds
72	Spectrogram 1	1	4614.791377345	4615.410802670	4703.797	7470.737	0.6194	2766.940	-66.90	Birds
73	Spectrogram 1	1	4616.089624944	4616.615712207	5964.292	7562.968	0.5261	1598.676	-62.71	Birds
74	Spectrogram 1	1	4615.572022960	4616.369639132	3842.972	4550.078	0.7976	707.107	-62.81	Birds
75	Spectrogram 1	1	4615.588993517	4616.242359956	1014.545	2490.246	0.6534	1475.701	-57.51	Birds
76	Spectrogram 1	1	4616.233874677	4616.717535548	983.801	3228.096	0.4837	2244.295	-56.46	Birds
77	Spectrogram 1	1	4616.658138599	4616.912696952	1106.776	5503.135	0.2546	4396.360	-56.96	Birds
78	Spectrogram 1	1	4616.844814724	4617.141799469	1598.676	5349.417	0.2970	3750.740	-59.99	Birds
79	Spectrogram 1	1	4617.133314191	4617.336960873	1321.982	4949.747	0.2036	3627.765	-59.89	Birds
80	Spectrogram 1	1	4617.413328379	4617.684857289	1506.445	5410.904	0.2715	3904.459	-61.63	Birds
81	Spectrogram 1	1	4617.718798402	4617.981842034	1321.982	4642.310	0.2630	3320.327	-60.24	Birds
82	Spectrogram 1	1	4617.939415641	4618.278826779	1936.858	4334.872	0.3394	2398.014	-62.06	Birds
83	Spectrogram 1	1	4618.592782080	4618.949163774	1014.545	2582.477	0.3564	1567.932	-60.31	Birds
84	Spectrogram 1	1	4619.653441884	4619.831632731	1106.776	2459.502	0.1782	1352.726	-60.54	Birds
85	Spectrogram 1	1	4617.667886732	4619.984367743	245.950	707.107	2.3165	461.157	-61.54	Mammals
