Selection	View	Channel	Begin Time (s)	End Time (s)	Low Freq (Hz)	High Freq (Hz)	Delta Time (s)	Delta Freq (Hz)	Avg Power Density (dB FS/Hz)	Annotation
1	Spectrogram 1	1	1843.871752594	1844.223255429	1353.135	2086.082	0.3515	732.948	-61.61	Birds
2	Spectrogram 1	1	1845.901681464	1846.288334582	1268.564	2198.844	0.3867	930.280	-58.18	Birds
3	Spectrogram 1	1	1848.098574181	1848.414926732	1240.373	2001.512	0.3164	761.138	-56.09	Birds
4	Spectrogram 1	1	1846.393785433	1847.307692803	2734.459	7216.718	0.9139	4482.258	-63.60	Birds
5	Spectrogram 1	1	1842.246051984	1842.439378543	3608.359	4313.116	0.1933	704.758	-69.96	Birds
6	Spectrogram 1	1	1842.333927693	1842.579979677	2678.079	5187.016	0.2461	2508.937	-70.43	Birds
7	Spectrogram 1	1	1843.652063323	1843.959628303	4566.829	5609.870	0.3076	1043.041	-72.30	Birds
8	Spectrogram 1	1	1844.038716441	1844.319918709	3974.833	5948.154	0.2812	1973.321	-70.78	Birds
9	Spectrogram 1	1	1844.372644134	1844.653846401	5130.635	5638.061	0.2812	507.425	-71.26	Birds
10	Spectrogram 1	1	1848.094833740	1848.314523011	10233.080	10768.696	0.2197	535.616	-72.22	Birds
11	Spectrogram 1	1	1847.883932039	1848.112408881	4961.493	5525.299	0.2285	563.806	-66.27	Birds
12	Spectrogram 1	1	1848.033320744	1848.507849570	3157.314	4143.975	0.4745	986.661	-69.53	Birds
13	Spectrogram 1	1	1848.121196452	1848.305735440	6089.106	6906.624	0.1845	817.519	-72.86	Birds
14	Spectrogram 1	1	1848.850564834	1849.052678964	3946.642	4764.161	0.2021	817.519	-69.86	Birds
15	Spectrogram 1	1	1849.070254106	1849.307518519	6342.818	7019.386	0.2373	676.567	-71.95	Birds
16	Spectrogram 1	1	1849.263580665	1849.509632649	5187.016	5525.299	0.2461	338.284	-71.40	Birds
17	Spectrogram 1	1	1848.191497019	1848.340885724	4256.736	5046.064	0.1494	789.328	-71.08	Birds
18	Spectrogram 1	1	1845.643101468	1845.950666448	5187.016	5609.870	0.3076	422.855	-70.50	Birds
19	Spectrogram 1	1	1851.461950075	1851.672851776	1804.179	2339.795	0.2109	535.616	-60.24	Birds
20	Spectrogram 1	1	1851.766964749	1852.179980579	5609.870	6004.535	0.4130	394.664	-70.26	Birds
21	Spectrogram 1	1	1853.700230339	1855.554407792	2959.982	4087.594	1.8542	1127.612	-68.53	Birds
22	Spectrogram 1	1	1855.422594229	1855.580770504	3805.691	4820.542	0.1582	1014.851	-68.40	Birds
23	Spectrogram 1	1	1854.666863134	1854.868977264	6230.057	7244.908	0.2021	1014.851	-70.32	Birds
24	Spectrogram 1	1	1855.536832650	1855.695008926	5525.299	5863.583	0.1582	338.284	-69.84	
25	Spectrogram 1	1	1854.930490260	1855.194117386	4961.493	5497.109	0.2636	535.616	-71.18	Birds
26	Spectrogram 1	1	1854.737163701	1855.106241678	3636.549	4623.210	0.3691	986.661	-69.39	Birds
27	Spectrogram 1	1	1855.886013477	1858.952875709	5525.299	6399.199	3.0669	873.899	-67.03	Insects
28	Spectrogram 1	1	1863.179697295	1863.680588835	3382.836	5863.583	0.5009	2480.747	-67.22	Birds
29	Spectrogram 1	1	1863.223635150	1863.478474705	6737.483	7385.860	0.2548	648.377	-69.75	Birds
30	Spectrogram 1	1	1864.216630657	1864.489045354	6568.341	7667.763	0.2724	1099.422	-68.16	Birds
31	Spectrogram 1	1	1857.687295433	1857.898197134	2227.034	2593.508	0.2109	366.474	-64.24	Birds
32	Spectrogram 1	1	1859.453597177	1859.866613008	4961.493	5581.680	0.4130	620.187	-71.81	Birds
33	Spectrogram 1	1	1860.815670661	1861.035359933	5215.206	5581.680	0.2197	366.474	-69.65	Birds
34	Spectrogram 1	1	1863.991840706	1864.273042974	5243.396	6624.721	0.2812	1381.325	-69.43	Birds
35	Spectrogram 1	1	1864.624545809	1865.099074636	3918.452	6511.960	0.4745	2593.508	-59.29	Birds
36	Spectrogram 1	1	1865.099074636	1866.223883706	3749.310	4989.684	1.1248	1240.373	-59.43	Birds
37	Spectrogram 1	1	1865.661479171	1866.144795569	3495.598	6258.247	0.4833	2762.650	-59.13	Birds
38	Spectrogram 1	1	1865.766930021	1866.083282573	6511.960	7695.953	0.3164	1183.993	-67.39	Birds
39	Spectrogram 1	1	1866.171158281	1866.698412533	5553.490	6314.628	0.5273	761.138	-65.20	Insects
40	Spectrogram 1	1	1866.267481518	1866.785948199	3946.642	5158.826	0.5185	1212.183	-62.75	Birds
41	Spectrogram 1	1	1866.812310911	1867.427440872	3270.075	5835.393	0.6151	2565.318	-61.35	Birds
42	Spectrogram 1	1	1868.160384467	1868.520674872	3664.739	5722.632	0.3603	2057.892	-69.58	Birds
43	Spectrogram 1	1	1868.661276006	1868.995203699	3946.642	5891.773	0.3339	1945.131	-68.72	Birds
44	Spectrogram 1	1	1869.733359652	1869.961836494	6230.057	9415.561	0.2285	3185.504	-70.55	Birds
45	Spectrogram 1	1	1869.935473782	1870.243038762	6568.341	9105.468	0.3076	2537.127	-70.13	Birds
46	Spectrogram 1	1	1869.715332690	1873.195210752	5581.680	6455.580	3.4799	873.899	-64.59	Insects
47	Spectrogram 1	1	1872.747044638	1873.230361036	3185.504	6991.195	0.4833	3805.691	-60.36	Birds
48	Spectrogram 1	1	1873.511563304	1873.827915855	4143.975	5807.203	0.3164	1663.228	-68.55	Birds
49	Spectrogram 1	1	1874.016481843	1874.280108969	789.328	1155.802	0.2636	366.474	-57.42	Birds
50	Spectrogram 1	1	1875.905809580	1876.037623143	845.709	1183.993	0.1318	338.284	-56.82	Birds
51	Spectrogram 1	1	1879.280236792	1879.640527198	817.519	1381.325	0.3603	563.806	-58.70	Birds
52	Spectrogram 1	1	1874.781000509	1875.607032170	5017.874	6117.296	0.8260	1099.422	-72.03	Birds
53	Spectrogram 1	1	1875.220379052	1875.422493182	4087.594	4482.258	0.2021	394.664	-68.35	Birds
54	Spectrogram 1	1	1877.759987032	1878.111489867	6765.673	7414.050	0.3515	648.377	-70.70	Birds
55	Spectrogram 1	1	1878.928733957	1879.227511367	6466.321	7256.963	0.2988	790.642	-68.96	Birds
56	Spectrogram 1	1	1878.410267276	1878.717832257	4546.191	5478.019	0.3076	931.828	-68.97	Birds
57	Spectrogram 1	1	1878.383904564	1878.867220961	4150.870	4320.293	0.4833	169.423	-72.08	Birds
58	Spectrogram 1	1	1874.438285245	1874.701912371	3360.228	3868.498	0.2636	508.270	-70.46	Birds
59	Spectrogram 1	1	1879.130848087	1879.350537359	3444.940	4122.633	0.2197	677.693	-67.12	Birds
60	Spectrogram 1	1	1879.622952056	1879.842641327	5082.698	5619.205	0.2197	536.507	-71.05	Birds
61	Spectrogram 1	1	1879.666889910	1879.912941894	4122.633	4715.614	0.2461	592.981	-68.38	Birds
62	Spectrogram 1	1	1878.949485975	1882.939043148	5647.442	6268.660	3.9896	621.219	-64.66	Insects
63	Spectrogram 1	1	1882.807229586	1883.229032987	4207.344	5845.102	0.4218	1637.758	-58.96	Birds
64	Spectrogram 1	1	1882.982981003	1883.422359546	2851.958	4659.140	0.4394	1807.181	-59.21	Birds
65	Spectrogram 1	1	1876.401090424	1876.761380830	5208.503	5695.012	0.3603	486.509	-72.27	Birds
66	Spectrogram 1	1	1880.891539137	1881.146378692	5151.267	5551.921	0.2548	400.654	-71.63	Birds
67	Spectrogram 1	1	1881.691208086	1881.875747074	3663.123	4006.541	0.1845	343.418	-69.49	Birds
68	Spectrogram 1	1	1883.347696680	1883.567385951	6896.974	7469.337	0.2197	572.363	-68.91	Birds
69	Spectrogram 1	1	1884.428567896	1884.727345306	4836.467	6954.210	0.2988	2117.743	-67.72	Birds
70	Spectrogram 1	1	1884.648257168	1884.920671865	3691.741	5408.830	0.2724	1717.089	-60.19	Birds
71	Spectrogram 1	1	1884.885521581	1885.034910286	3119.378	4721.995	0.1494	1602.616	-59.62	Birds
72	Spectrogram 1	1	1885.562164538	1885.860941947	1373.671	1946.034	0.2988	572.363	-57.90	Birds
73	Spectrogram 1	1	1885.588527250	1885.746703526	3748.978	4836.467	0.1582	1087.490	-68.44	Birds
74	Spectrogram 1	1	1885.966392798	1886.124569073	3663.123	4521.668	0.1582	858.544	-68.35	Birds
75	Spectrogram 1	1	1885.773066239	1886.098206361	6524.938	7068.683	0.3251	543.745	-68.52	Birds
76	Spectrogram 1	1	1886.936032431	1887.472074254	6696.647	8843.008	0.5360	2146.361	-68.62	Birds
77	Spectrogram 1	1	1887.876302514	1888.385981624	829.926	1345.053	0.5097	515.127	-59.78	Birds
78	Spectrogram 1	1	1887.899774844	1888.084313832	5866.721	7440.719	0.1845	1573.998	-71.15	Birds
79	Spectrogram 1	1	1888.602780513	1888.971858489	5065.412	5809.484	0.3691	744.072	-72.21	Birds
80	Spectrogram 1	1	1889.094884482	1889.314573753	6668.029	7984.464	0.2197	1316.435	-70.89	Birds
81	Spectrogram 1	1	1890.676647237	1890.931486792	6668.029	7240.392	0.2548	572.363	-66.53	Birds
82	Spectrogram 1	1	1890.869973796	1891.326927481	3462.796	5723.630	0.4570	2260.834	-68.73	Birds
83	Spectrogram 1	1	1891.915694729	1892.495674407	5523.303	6181.520	0.5800	658.217	-66.94	Insects
84	Spectrogram 1	1	1893.479882344	1895.457085788	5780.866	6210.138	1.9772	429.272	-64.53	Insects
85	Spectrogram 1	1	1894.051074450	1894.332276718	6725.265	7469.337	0.2812	744.072	-64.31	Birds
86	Spectrogram 1	1	1892.820814529	1893.207467647	6896.974	7497.955	0.3867	600.981	-67.92	Birds
87	Spectrogram 1	1	1895.281334371	1895.562536639	6324.611	7354.864	0.2812	1030.253	-65.18	Birds
88	Spectrogram 1	1	1892.671425824	1892.899902666	2976.288	3892.068	0.2285	915.781	-67.38	Birds
89	Spectrogram 1	1	1895.802526174	1896.233117146	1230.580	1688.471	0.4306	457.890	-60.21	Birds
90	Spectrogram 1	1	1899.941472052	1900.213886748	6839.738	7440.719	0.2724	600.981	-64.79	Birds
91	Spectrogram 1	1	1901.206882256	1901.417783957	3806.214	5094.031	0.2109	1287.817	-66.68	Birds
92	Spectrogram 1	1	1901.417783957	1901.760499221	6553.556	7183.156	0.3427	629.599	-67.46	Birds
93	Spectrogram 1	1	1901.514447237	1901.999979167	4607.522	5666.394	0.4855	1058.872	-69.15	Birds
