Selection	View	Channel	Begin Time (s)	End Time (s)	Low Freq (Hz)	High Freq (Hz)	Delta Time (s)	Delta Freq (Hz)	Avg Power Density (dB FS/Hz)	Annotation
1	Spectrogram 1	1	5340.499537292	5340.707677830	7143.799	7628.672	0.2081	484.873	-68.22	Birds
2	Spectrogram 1	1	5340.929694404	5341.151710978	6852.875	8178.195	0.2220	1325.320	-66.79	Birds
3	Spectrogram 1	1	5341.262719266	5341.554116019	6852.875	7887.271	0.2914	1034.396	-66.28	Birds
4	Spectrogram 1	1	5342.476872405	5342.754393123	5818.479	6432.651	0.2775	614.173	-64.72	Birds
5	Spectrogram 1	1	5341.734504486	5341.977335114	3717.361	4363.859	0.2428	646.498	-60.62	Birds
6	Spectrogram 1	1	5341.665124306	5341.810822683	5365.930	7531.697	0.1457	2165.767	-68.13	Birds
7	Spectrogram 1	1	5342.948657626	5343.267806451	3943.636	4848.732	0.3191	905.097	-53.21	Birds
8	Spectrogram 1	1	5342.018963221	5342.754393123	2327.391	3103.189	0.7354	775.797	-60.65	Birds
9	Spectrogram 1	1	5342.657260872	5343.205364289	2133.442	2682.965	0.5481	549.523	-59.27	Birds
10	Spectrogram 1	1	5343.031913841	5343.288620505	1163.696	1745.544	0.2567	581.848	-59.42	Birds
11	Spectrogram 1	1	5343.212302307	5343.406566810	2198.092	7111.474	0.1943	4913.382	-56.65	Birds
12	Spectrogram 1	1	5343.378814738	5343.455132935	2392.041	8081.220	0.0763	5689.179	-54.14	Birds
13	Spectrogram 1	1	5343.469008971	5343.580017258	2618.315	8824.693	0.1110	6206.377	-53.52	Birds
14	Spectrogram 1	1	5343.586955276	5343.691025545	2101.117	8921.667	0.1041	6820.550	-54.84	Birds
15	Spectrogram 1	1	5343.732653653	5343.815909868	2165.767	8339.819	0.0833	6174.052	-55.52	Birds
16	Spectrogram 1	1	5343.829785904	5343.899166084	2327.391	7757.972	0.0694	5430.580	-56.77	Birds
17	Spectrogram 1	1	5343.892228066	5344.037926443	2165.767	7305.423	0.1457	5139.656	-52.71	Birds
19	Spectrogram 1	1	5344.100368604	5344.239128963	2198.092	6982.174	0.1388	4784.082	-48.10	Birds
20	Spectrogram 1	1	5344.364013286	5344.523587699	1939.493	5947.778	0.1596	4008.285	-53.12	Birds
21	Spectrogram 1	1	5344.454207519	5344.773356344	1519.269	5559.880	0.3191	4040.610	-55.36	Birds
22	Spectrogram 1	1	5344.842736524	5345.009248954	1131.371	5495.230	0.1665	4363.859	-56.53	Birds
23	Spectrogram 1	1	5345.064753098	5345.231265529	1292.995	5527.555	0.1665	4234.559	-54.98	Birds
24	Spectrogram 1	1	5345.231265529	5345.439406067	1292.995	5430.580	0.2081	4137.585	-58.36	Birds
25	Spectrogram 1	1	5345.522662282	5345.682236695	1486.945	5527.555	0.1596	4040.610	-59.22	Birds
26	Spectrogram 1	1	5346.154021915	5346.403790561	2682.965	4913.382	0.2498	2230.417	-63.40	Birds
27	Spectrogram 1	1	5346.417666597	5346.827009655	2553.666	3297.138	0.4093	743.472	-58.85	Birds
28	Spectrogram 1	1	5347.111468391	5347.486121360	2585.991	3264.813	0.3747	678.823	-58.51	Birds
29	Spectrogram 1	1	5347.796253503	5348.163968454	2618.315	3264.813	0.3677	646.498	-59.13	Birds
30	Spectrogram 1	1	5348.725947908	5349.072848805	2456.691	3297.138	0.3469	840.447	-60.16	Birds
31	Spectrogram 1	1	5349.690332402	5350.044171317	2553.666	3200.163	0.3538	646.498	-58.91	Birds
32	Spectrogram 1	1	5350.706513229	5350.852211606	2806.918	5646.100	0.1457	2839.182	-57.56	Birds
33	Spectrogram 1	1	5351.032600073	5351.323996826	7323.798	7710.959	0.2914	387.161	-68.00	Birds
34	Spectrogram 1	1	5351.157484396	5351.441943131	2548.811	3161.816	0.2845	613.005	-56.82	Birds
35	Spectrogram 1	1	5351.469695203	5351.830472136	2548.811	3419.923	0.3608	871.113	-57.15	Birds
36	Spectrogram 1	1	5351.823534118	5352.219001141	1871.279	5581.573	0.3955	3710.294	-57.52	Birds
37	Spectrogram 1	1	5352.073302764	5352.517335912	1968.069	5387.992	0.4440	3419.923	-54.45	Birds
38	Spectrogram 1	1	5352.343885464	5352.822608702	1839.015	5549.309	0.4787	3710.294	-56.80	Birds
39	Spectrogram 1	1	5352.635282217	5352.891988881	1129.220	1935.806	0.2567	806.586	-59.48	Birds
40	Spectrogram 1	1	5353.120943473	5353.447030317	4032.928	5839.680	0.3261	1806.752	-57.22	Birds
41	Spectrogram 1	1	5352.912802935	5354.147770129	1742.225	3161.816	1.2350	1419.591	-54.04	Birds
42	Spectrogram 1	1	5353.939629590	5354.237964362	2419.757	6710.793	0.2983	4291.036	-54.15	Birds
43	Spectrogram 1	1	5354.369786703	5354.480794990	4323.299	7194.744	0.1110	2871.445	-60.36	Birds
44	Spectrogram 1	1	5354.550175169	5355.313357143	2387.494	5291.202	0.7632	2903.708	-60.91	Birds
45	Spectrogram 1	1	5354.416442749	5354.513575000	7566.691	9435.010	0.0971	1868.319	-72.19	Birds
46	Spectrogram 1	1	5355.047802382	5356.171761289	2335.399	5916.343	1.1240	3580.944	-60.27	Birds
47	Spectrogram 1	1	5356.366025791	5356.837811011	2024.012	5729.511	0.4718	3705.499	-57.48	Birds
48	Spectrogram 1	1	5356.331335701	5356.442343988	1058.714	1556.932	0.1110	498.218	-60.60	Birds
49	Spectrogram 1	1	5356.532538222	5356.615794437	1027.575	1525.794	0.0833	498.218	-60.48	Birds
50	Spectrogram 1	1	5356.705988670	5356.803120921	1152.130	1494.655	0.0971	342.525	-56.06	Birds
51	Spectrogram 1	1	5356.921067226	5357.018199478	1027.575	1650.348	0.0971	622.773	-56.16	Birds
52	Spectrogram 1	1	5356.830872993	5356.928005244	965.298	1556.932	0.0971	591.634	-60.52	Birds
53	Spectrogram 1	1	5357.087579657	5357.261030106	1089.853	1588.071	0.1735	498.218	-58.78	Birds
54	Spectrogram 1	1	5357.337348303	5357.420604518	1089.853	1556.932	0.0833	467.080	-56.90	Birds
55	Spectrogram 1	1	5357.496922716	5357.871575685	5449.263	5978.620	0.3747	529.357	-59.41	Birds
56	Spectrogram 1	1	5357.635683075	5357.927079828	4328.272	5075.600	0.2914	747.328	-62.91	Birds
57	Spectrogram 1	1	5357.427542536	5357.774443433	1868.319	3580.944	0.3469	1712.626	-60.95	Birds
58	Spectrogram 1	1	5359.134294950	5359.397939632	7971.494	9933.228	0.2636	1961.735	-61.99	Birds
59	Spectrogram 1	1	5359.370187560	5359.529761973	6352.284	7379.859	0.1596	1027.575	-68.79	Birds
60	Spectrogram 1	1	5359.030224681	5359.446505758	2428.814	5169.015	0.4163	2740.201	-61.11	Birds
61	Spectrogram 1	1	5359.782929346	5361.128904827	2210.844	3113.865	1.3460	903.021	-67.57	Birds
62	Spectrogram 1	1	5360.601615463	5360.712623750	6103.175	7597.830	0.1110	1494.655	-69.22	Birds
63	Spectrogram 1	1	5360.566925374	5360.698747715	4483.965	5791.788	0.1318	1307.823	-65.88	Birds
64	Spectrogram 1	1	5360.851384109	5361.052586630	4826.490	6290.007	0.2012	1463.516	-63.51	Birds
65	Spectrogram 1	1	5361.871272747	5362.356934003	2459.953	5947.482	0.4857	3487.528	-64.94	Birds
66	Spectrogram 1	1	5363.388620046	5363.638388692	4701.936	5200.154	0.2498	498.218	-64.74	Birds
67	Spectrogram 1	1	5363.346991939	5363.569008513	3176.142	4048.024	0.2220	871.882	-66.53	Birds
68	Spectrogram 1	1	5364.408508684	5364.602773186	4172.579	5449.263	0.1943	1276.685	-64.25	Birds
69	Spectrogram 1	1	5365.372893178	5365.858554434	5729.511	6601.393	0.4857	871.882	-67.68	Birds
70	Spectrogram 1	1	5366.418033927	5366.757996806	3830.054	5604.957	0.3400	1774.903	-63.95	Birds
71	Spectrogram 1	1	5366.702492663	5367.458736619	2615.646	6196.591	0.7562	3580.944	-61.11	Birds
72	Spectrogram 1	1	5367.028579506	5367.361604367	7535.553	8531.989	0.3330	996.437	-70.22	Birds
73	Spectrogram 1	1	5367.555868870	5367.923583821	7566.691	8469.712	0.3677	903.021	-69.41	Birds
74	Spectrogram 1	1	5367.375480403	5368.506377328	2428.814	7130.750	1.1309	4701.936	-57.81	Birds
75	Spectrogram 1	1	5368.575757507	5368.665951741	1120.991	5667.234	0.0902	4546.242	-56.27	Birds
76	Spectrogram 1	1	5368.742269938	5368.922658405	1152.130	5791.788	0.1804	4639.658	-55.55	Birds
77	Spectrogram 1	1	5368.971224530	5369.130798943	996.437	5760.650	0.1596	4764.213	-54.79	Birds
78	Spectrogram 1	1	5369.193241104	5369.345877499	1089.853	5760.650	0.1526	4670.797	-55.64	Birds
79	Spectrogram 1	1	5369.394443625	5369.512389930	1245.546	5698.372	0.1179	4452.827	-61.09	Birds
80	Spectrogram 1	1	5369.512389930	5369.713592450	996.437	5604.957	0.2012	4608.520	-58.15	Birds
81	Spectrogram 1	1	5369.769096594	5369.887042899	809.605	5760.650	0.1179	4951.045	-55.58	Birds
82	Spectrogram 1	1	5369.845414791	5370.213129742	5667.234	6601.393	0.3677	934.159	-62.99	Birds
83	Spectrogram 1	1	5373.516609373	5374.709948459	7442.137	8407.435	1.1933	965.298	-67.18	Birds
84	Spectrogram 1	1	5374.376923597	5374.508745938	3923.470	5885.204	0.1318	1961.735	-64.67	Birds
85	Spectrogram 1	1	5375.015221248	5375.230299804	2491.092	4421.688	0.2151	1930.596	-58.94	Birds
86	Spectrogram 1	1	5375.001345212	5375.611890791	5013.322	5729.511	0.6105	716.189	-64.31	Birds
87	Spectrogram 1	1	5376.104490065	5376.590151321	2709.062	5916.343	0.4857	3207.281	-55.05	Birds
88	Spectrogram 1	1	5377.679420138	5378.165081394	1992.873	4079.163	0.4857	2086.289	-59.58	Birds
89	Spectrogram 1	1	5378.019383017	5378.262213645	3861.192	4359.411	0.2428	498.218	-59.75	Birds
90	Spectrogram 1	1	5378.331593825	5378.643804632	3767.776	5169.015	0.3122	1401.239	-62.52	Birds
91	Spectrogram 1	1	5378.581362471	5379.372296516	2148.567	3518.667	0.7909	1370.100	-55.09	Birds
92	Spectrogram 1	1	5379.060085709	5379.164155978	5885.204	6757.086	0.1041	871.882	-63.46	Birds
93	Spectrogram 1	1	5379.269068875	5380.094693010	3580.944	7940.355	0.8256	4359.411	-56.48	Birds
94	Spectrogram 1	1	5379.893490490	5380.254267423	3020.449	3705.499	0.3608	685.050	-47.19	Birds
95	Spectrogram 1	1	5380.150197154	5380.538726159	2397.676	6912.780	0.3885	4515.104	-58.18	Birds
96	Spectrogram 1	1	5379.981184763	5380.244829445	1089.853	1806.042	0.2636	716.189	-56.95	Birds
97	Spectrogram 1	1	5380.196263320	5380.390527822	1370.100	2397.676	0.1943	1027.575	-53.35	Birds
98	Spectrogram 1	1	5380.390527822	5380.626420432	1183.269	2335.399	0.2359	1152.130	-54.58	Birds
99	Spectrogram 1	1	5380.536226199	5380.820684934	1183.269	2428.814	0.2845	1245.546	-55.48	Birds
100	Spectrogram 1	1	5380.758242773	5381.001073401	1183.269	2304.260	0.2428	1120.991	-55.62	Birds
101	Spectrogram 1	1	5380.924755203	5381.292470154	1058.714	2241.983	0.3677	1183.269	-56.79	Birds
102	Spectrogram 1	1	5381.174523849	5381.389602406	2055.151	7784.662	0.2151	5729.511	-52.80	Birds
103	Spectrogram 1	1	5381.625495016	5381.916891769	2428.814	6321.145	0.2914	3892.331	-54.98	Birds
104	Spectrogram 1	1	5382.131970325	5382.263792666	4483.965	5636.095	0.1318	1152.130	-64.33	Birds
105	Spectrogram 1	1	5382.904899195	5383.355870362	2335.399	6196.591	0.4510	3861.192	-59.56	Birds
106	Spectrogram 1	1	5383.515444774	5383.841531618	4297.133	5760.650	0.3261	1463.516	-63.92	Birds
107	Spectrogram 1	1	5384.188432515	5384.486767286	1930.596	3113.865	0.2983	1183.269	-66.70	Birds
108	Spectrogram 1	1	5384.722659896	5384.847544219	4265.995	5667.234	0.1249	1401.239	-68.11	Birds
109	Spectrogram 1	1	5385.076498811	5385.423399708	2241.983	5293.570	0.3469	3051.587	-53.41	Birds
110	Spectrogram 1	1	5385.430337726	5385.610726193	6196.591	7161.889	0.1804	965.298	-64.38	Birds
111	Spectrogram 1	1	5385.915998982	5386.061697359	3269.558	4639.658	0.1457	1370.100	-62.47	Birds
112	Spectrogram 1	1	5386.020069251	5387.511743109	1961.735	2927.033	1.4917	965.298	-66.84	Birds
113	Spectrogram 1	1	5386.584773292	5388.194393455	4764.213	5916.343	1.6096	1152.130	-69.15	Birds
114	Spectrogram 1	1	5388.020943006	5388.395595975	7099.612	8469.712	0.3747	1370.100	-54.78	Birds
115	Spectrogram 1	1	5388.451100118	5388.763310926	6975.057	8469.712	0.3122	1494.655	-52.76	Birds
116	Spectrogram 1	1	5388.791062998	5389.207344074	6912.780	8220.603	0.4163	1307.823	-56.63	Birds
117	Spectrogram 1	1	5388.020943006	5388.256835616	14417.194	15880.710	0.2359	1463.516	-68.89	Birds
118	Spectrogram 1	1	5388.485790208	5388.603736513	14417.194	15569.324	0.1179	1152.130	-69.00	Birds
119	Spectrogram 1	1	5388.818815069	5388.936761374	14292.639	15133.383	0.1179	840.743	-69.10	Birds
120	Spectrogram 1	1	5388.166641383	5388.451100118	4048.024	6445.700	0.2845	2397.676	-57.00	Birds
121	Spectrogram 1	1	5388.499666244	5388.617612549	3892.331	5885.204	0.1179	1992.873	-63.17	Birds
122	Spectrogram 1	1	5388.249897598	5388.562108406	1650.348	3456.390	0.3122	1806.042	-63.07	Birds
123	Spectrogram 1	1	5389.984121153	5390.657108893	2304.260	3674.360	0.6730	1370.100	-55.28	Birds
124	Spectrogram 1	1	5390.504472499	5390.844435378	5667.234	6663.671	0.3400	996.437	-62.41	Birds
125	Spectrogram 1	1	5389.873112866	5390.060439350	5791.788	6850.502	0.1873	1058.714	-68.13	Birds
126	Spectrogram 1	1	5389.519273951	5389.741290525	3705.499	4297.133	0.2220	591.634	-59.46	Birds
127	Spectrogram 1	1	5389.775980615	5390.185323673	3705.499	4359.411	0.4093	653.912	-60.10	Birds
128	Spectrogram 1	1	5390.906877539	5391.309282580	4172.579	4919.906	0.4024	747.328	-40.57	Birds
129	Spectrogram 1	1	5390.698737001	5391.198274293	1837.180	2864.756	0.4995	1027.575	-55.40	Birds
130	Spectrogram 1	1	5391.080327988	5391.350910688	903.021	2024.012	0.2706	1120.991	-58.16	Birds
131	Spectrogram 1	1	5390.886063486	5391.794943836	7753.523	8625.405	0.9089	871.882	-66.09	Birds
132	Spectrogram 1	1	5391.267654472	5392.592815899	2428.814	7504.414	1.3252	5075.600	-41.94	Birds
133	Spectrogram 1	1	5392.440179505	5392.766266348	1806.042	5729.511	0.3261	3923.470	-45.45	Birds
134	Spectrogram 1	1	5392.662196079	5393.002158958	1152.130	5542.679	0.3400	4390.549	-48.57	Birds
135	Spectrogram 1	1	5392.960530850	5393.258865622	1120.991	5231.293	0.2983	4110.301	-47.10	Birds
136	Spectrogram 1	1	5393.605766519	5393.980419488	1338.962	5604.957	0.3747	4265.995	-53.50	Birds
137	Spectrogram 1	1	5393.355997873	5393.619642555	1120.991	5480.402	0.2636	4359.411	-50.86	Birds
138	Spectrogram 1	1	5393.113167245	5393.404563999	1214.407	5729.511	0.2914	4515.104	-50.26	Birds
139	Spectrogram 1	1	5394.206452790	5394.643547921	3456.390	6352.284	0.4371	2895.894	-60.29	Birds
140	Spectrogram 1	1	5394.261956934	5394.775370262	2241.983	3331.835	0.5134	1089.853	-57.75	Birds
141	Spectrogram 1	1	5394.837812423	5395.080643051	2304.260	3331.835	0.2428	1027.575	-57.74	Birds
142	Spectrogram 1	1	5395.560630279	5396.261370091	7050.271	7705.384	0.7007	655.114	-66.86	Birds
143	Spectrogram 1	1	5395.588382350	5396.094857660	2183.712	4024.269	0.5065	1840.557	-59.47	Birds
144	Spectrogram 1	1	5396.316874234	5396.760907383	2526.867	3306.764	0.4440	779.897	-58.70	Birds
145	Spectrogram 1	1	5397.024552064	5397.454709177	3244.372	5459.280	0.4302	2214.908	-53.93	Birds
146	Spectrogram 1	1	5396.878853688	5397.336762872	2152.516	3462.744	0.4579	1310.227	-59.34	Birds
147	Spectrogram 1	1	5397.392267015	5397.732229895	2370.887	3400.352	0.3400	1029.464	-60.05	Birds
148	Spectrogram 1	1	5397.912618361	5398.301147366	2339.692	3369.156	0.3885	1029.464	-59.07	Birds
149	Spectrogram 1	1	5396.150361804	5396.462572611	4866.558	5833.631	0.3122	967.073	-65.81	Birds
150	Spectrogram 1	1	5397.635097643	5397.801610074	3805.898	5802.435	0.1665	1996.537	-65.14	Birds
151	Spectrogram 1	1	5398.523163940	5398.745180514	3618.723	5802.435	0.2220	2183.712	-66.28	Birds
152	Spectrogram 1	1	5399.758131134	5399.952395636	4492.208	7393.425	0.1943	2901.218	-68.74	Birds
153	Spectrogram 1	1	5381.730492364	5386.906253749	0.000	1214.299	5.1758	1214.299	-60.11	Mammals
154	Spectrogram 1	1	5372.859997693	5373.650931739	0.000	918.128	0.7909	918.128	-60.41	mammals
155	Spectrogram 1	1	5393.431054206	5395.651219947	0.000	829.277	2.2202	829.277	-59.36	mammals
