Selection	View	Channel	Begin Time (s)	End Time (s)	Low Freq (Hz)	High Freq (Hz)	Delta Time (s)	Delta Freq (Hz)	Avg Power Density (dB FS/Hz)	Annotation
1	Spectrogram 1	1	25200.294355172	25200.608334022	2650.177	6233.216	0.3140	3583.039	-63.46	Birds
2	Spectrogram 1	1	25200.176613103	25200.598522183	7674.912	8056.537	0.4219	381.625	-70.53	Birds
3	Spectrogram 1	1	25201.010619424	25201.324598274	7462.898	7929.329	0.3140	466.431	-68.81	Birds
4	Spectrogram 1	1	25201.128361493	25201.442340343	1992.933	3222.615	0.3140	1229.682	-64.68	Birds
5	Spectrogram 1	1	25202.001615170	25202.511830802	2565.371	5279.152	0.5102	2713.781	-64.48	Birds
6	Spectrogram 1	1	25202.992610916	25203.336025284	2310.954	5618.375	0.3434	3307.420	-64.07	Birds
7	Spectrogram 1	1	25203.689251490	25204.081725053	3243.816	5385.159	0.3925	2141.343	-60.30	Birds
8	Spectrogram 1	1	25204.405515743	25204.621376202	2162.544	3137.809	0.2159	975.265	-65.48	Birds
9	Spectrogram 1	1	25205.151215512	25205.504441718	2904.594	5724.382	0.3532	2819.788	-70.40	Birds
10	Spectrogram 1	1	25206.652426890	25207.035088613	3222.615	6127.208	0.3827	2904.594	-73.33	Birds
11	Spectrogram 1	1	25207.941001354	25208.205921009	3816.254	6084.806	0.2649	2268.551	-74.02	Birds
12	Spectrogram 1	1	25208.382534112	25208.686701123	2713.781	4388.693	0.3042	1674.912	-71.74	Birds
13	Spectrogram 1	1	25209.020303652	25209.373529858	3837.456	5766.784	0.3532	1929.329	-72.65	Birds
14	Spectrogram 1	1	25209.589390318	25210.021111237	2650.177	3731.449	0.4317	1081.272	-74.00	Birds
15	Spectrogram 1	1	25210.560762386	25210.874741236	2968.198	4876.325	0.3140	1908.127	-72.46	Birds
16	Spectrogram 1	1	25211.061166178	25211.218155603	2925.795	3731.449	0.1570	805.654	-70.23	Birds
17	Spectrogram 1	1	25211.898903440	25212.222694129	2650.177	4473.498	0.3238	1823.322	-72.25	Birds
18	Spectrogram 1	1	25212.517049301	25212.713286083	2628.975	3922.261	0.1962	1293.286	-74.61	Birds
19	Spectrogram 1	1	25213.076324128	25213.292184588	2141.343	2968.198	0.2159	826.855	-66.26	Birds
20	Spectrogram 1	1	25212.978205738	25213.321620105	3773.852	5660.777	0.3434	1886.926	-73.89	Birds
21	Spectrogram 1	1	25213.409926657	25213.792588380	2522.968	4028.269	0.3827	1505.300	-72.76	Birds
22	Spectrogram 1	1	25215.460601022	25215.804015390	2310.954	5236.749	0.3434	2925.795	-73.68	Birds
23	Spectrogram 1	1	25216.167053435	25216.579150676	2310.954	3858.657	0.4121	1547.703	-74.04	Birds
24	Spectrogram 1	1	25216.942188722	25217.187484699	4113.074	6063.604	0.2453	1950.530	-74.01	Birds
25	Spectrogram 1	1	25217.561278838	25217.914505044	1971.731	4791.519	0.3532	2819.788	-62.79	Birds
26	Spectrogram 1	1	25218.297166768	25218.601333779	2226.148	3964.664	0.3042	1738.516	-72.79	Birds
27	Spectrogram 1	1	25219.415716422	25219.808189985	2247.350	5703.180	0.3925	3455.830	-60.76	Birds
28	Spectrogram 1	1	25220.912493991	25221.246096519	2713.781	4176.678	0.3336	1462.898	-71.63	Birds
29	Spectrogram 1	1	25221.658193760	25222.011419967	2628.975	4134.276	0.3532	1505.300	-72.93	Birds
30	Spectrogram 1	1	25222.502011920	25222.796367092	2565.371	3985.866	0.2944	1420.495	-72.26	Birds
31	Spectrogram 1	1	25223.080910425	25223.473383988	2713.781	4028.269	0.3925	1314.488	-71.95	Birds
32	Spectrogram 1	1	25223.934540425	25224.307390309	2480.565	4091.873	0.3728	1611.307	-72.33	Birds
33	Spectrogram 1	1	25224.719487550	25225.102149274	2438.163	4197.880	0.3827	1759.717	-73.46	Birds
34	Spectrogram 1	1	25225.455375480	25225.651612262	3159.011	4537.102	0.1962	1378.092	-71.14	Birds
35	Spectrogram 1	1	25226.024462146	25226.309005480	2416.961	3667.845	0.2845	1250.883	-71.57	Birds
36	Spectrogram 1	1	25226.632796169	25226.986022375	2501.767	4918.728	0.3532	2416.961	-67.54	Birds
37	Spectrogram 1	1	25227.672851110	25228.006453639	2671.378	4812.721	0.3336	2141.343	-71.84	v
38	Spectrogram 1	1	25228.398927202	25228.791400764	2522.968	5575.972	0.3925	3053.004	-63.54	Birds
39	Spectrogram 1	1	25228.742341569	25229.105379615	4621.908	7674.912	0.3630	3053.004	-71.74	Birds
40	Spectrogram 1	1	25229.919762257	25230.282800303	1950.530	4600.707	0.3630	2650.177	-58.99	Birds
41	Spectrogram 1	1	25229.242745362	25229.615595246	2650.177	4240.283	0.3728	1590.106	-71.84	Birds
42	Spectrogram 1	1	25222.080102840	25223.404701115	4134.276	5766.784	1.3246	1632.509	-74.62	Birds
43	Spectrogram 1	1	25223.306582724	25223.424324793	5809.187	6826.855	0.1177	1017.668	-71.01	Birds
44	Spectrogram 1	1	25223.640185252	25223.777550999	5173.145	6678.445	0.1374	1505.300	-73.45	Birds
45	Spectrogram 1	1	25230.111939653	25230.386671147	6296.820	7441.696	0.2747	1144.876	-74.36	Birds
46	Spectrogram 1	1	25230.769332871	25230.995005169	4961.131	7187.279	0.2257	2226.148	-73.51	Birds
47	Spectrogram 1	1	25231.299172181	25231.613151031	2332.155	5809.187	0.3140	3477.032	-61.28	Birds
48	Spectrogram 1	1	25232.349038961	25232.878878271	2395.760	6042.403	0.5298	3646.643	-56.03	Birds
49	Spectrogram 1	1	25233.379282063	25233.840438500	2247.350	5427.562	0.4612	3180.212	-58.87	Birds
50	Spectrogram 1	1	25234.811810568	25235.086542062	2141.343	3180.212	0.2747	1038.869	-60.28	Birds
51	Spectrogram 1	1	25235.577134015	25236.146220681	3010.601	5872.792	0.5691	2862.191	-51.84	Birds
52	Spectrogram 1	1	25236.646624474	25237.225522979	1844.523	5491.166	0.5789	3646.643	-53.82	v
53	Spectrogram 1	1	25238.128212173	25238.569744932	2459.364	5088.339	0.4415	2628.975	-60.61	Birds
54	Spectrogram 1	1	25234.234301307	25234.548280158	2565.371	3964.664	0.3140	1399.293	-70.87	Birds
55	Spectrogram 1	1	25237.589950270	25237.835246246	2798.587	3731.449	0.2453	932.862	-69.84	Birds
56	Spectrogram 1	1	25237.521267396	25237.688068660	8480.565	9985.866	0.1668	1505.300	-72.77	v
57	Spectrogram 1	1	25237.158229350	25237.226912224	4727.915	6890.459	0.0687	2162.544	-72.55	Birds
58	Spectrogram 1	1	25237.580138430	25237.756751534	4537.102	6826.855	0.1766	2289.753	-74.11	v
59	Spectrogram 1	1	25238.090354062	25238.168848775	4791.519	6911.661	0.0785	2120.141	-72.73	Birds
60	Spectrogram 1	1	25238.600569694	25238.698688084	4494.700	6996.466	0.0981	2501.767	-72.27	Birds
61	Spectrogram 1	1	25239.061726130	25239.189280038	4431.095	7272.085	0.1276	2840.989	-71.93	Birds
62	Spectrogram 1	1	25240.052721876	25240.268582336	5448.763	7229.682	0.2159	1780.919	-74.41	Birds
63	Spectrogram 1	1	25240.621808542	25240.749362450	5151.943	6954.064	0.1276	1802.120	-73.13	Birds
64	Spectrogram 1	1	25241.122212335	25241.308637277	4939.929	7187.279	0.1864	2247.350	-73.55	Birds
65	Spectrogram 1	1	25241.720734518	25241.907159460	4007.067	7293.286	0.1864	3286.219	-72.44	Birds
66	Spectrogram 1	1	25242.260385667	25242.338880380	4749.117	7208.481	0.0785	2459.364	-73.09	Birds
67	Spectrogram 1	1	25242.721542103	25242.858907850	5109.541	7102.473	0.1374	1992.933	-73.37	Birds
68	Spectrogram 1	1	25243.182698540	25243.378935321	4770.318	7272.085	0.1962	2501.767	-69.55	Birds
69	Spectrogram 1	1	25243.732161528	25243.840091757	4261.484	7123.675	0.1079	2862.191	-72.38	Birds
70	Spectrogram 1	1	25239.336457624	25239.876108773	2098.940	6466.431	0.5397	4367.491	-54.85	Birds
71	Spectrogram 1	1	25240.553125669	25240.935787392	2226.148	5151.943	0.3827	2925.795	-54.40	Birds
72	Spectrogram 1	1	25241.750170035	25242.142643598	2098.940	3286.219	0.3925	1187.279	-62.90	Birds
73	Spectrogram 1	1	25242.858907850	25243.339687965	2310.954	6106.007	0.4808	3795.053	-51.46	Birds
74	Spectrogram 1	1	25243.124709356	25243.487747401	7802.120	8756.184	0.3630	954.064	-72.40	Birds
75	Spectrogram 1	1	25243.536806597	25243.772290734	8035.336	8798.587	0.2355	763.251	-69.53	Birds
76	Spectrogram 1	1	25243.831161769	25244.076457745	7780.919	8628.975	0.2453	848.057	-69.43	Birds
77	Spectrogram 1	1	25244.164764297	25244.459119469	7102.473	8183.746	0.2944	1081.272	-69.88	Birds
78	Spectrogram 1	1	25242.349574069	25242.545810850	2565.371	3837.456	0.1962	1272.085	-71.38	Birds
79	Spectrogram 1	1	25243.988151194	25244.527802343	2416.961	5130.742	0.5397	2713.781	-50.20	Birds
80	Spectrogram 1	1	25244.812345676	25245.351996825	2459.364	5724.382	0.5397	3265.018	-53.13	Birds
81	Spectrogram 1	1	25245.744470387	25246.333180732	2098.940	5469.965	0.5887	3371.025	-54.65	Birds
82	Spectrogram 1	1	25244.351189239	25244.498366825	5151.943	6699.647	0.1472	1547.703	-74.47	Birds
83	Spectrogram 1	1	25244.763286480	25244.910464066	5533.569	7166.078	0.1472	1632.509	-74.81	Birds
84	Spectrogram 1	1	25245.361808664	25245.479550732	5639.576	7272.085	0.1177	1632.509	-73.87	Birds
85	Spectrogram 1	1	25245.891647973	25246.058449238	5173.145	6932.862	0.1668	1759.717	-72.43	Birds
86	Spectrogram 1	1	25246.490170157	25246.617724065	5088.339	7187.279	0.1276	2098.940	-73.02	Birds
87	Spectrogram 1	1	25246.696218777	25246.833584524	4621.908	6466.431	0.1374	1844.523	-67.00	Birds
88	Spectrogram 1	1	25247.020009466	25247.490977742	1865.724	6848.057	0.4710	4982.332	-56.72	Birds
89	Spectrogram 1	1	25248.011005213	25248.570280040	1971.731	5851.590	0.5593	3879.859	-56.14	Birds
90	Spectrogram 1	1	25249.002000959	25249.512216590	2480.565	5936.396	0.5102	3455.830	-59.66	Birds
91	Spectrogram 1	1	25248.619339235	25248.972565441	4261.484	5957.597	0.3532	1696.113	-72.49	Birds
92	Spectrogram 1	1	25249.975706526	25250.358368250	2035.336	3625.442	0.3827	1590.106	-57.88	Birds
93	Spectrogram 1	1	25250.603664226	25250.760653651	4091.873	5830.389	0.1570	1738.516	-73.48	Birds
94	Spectrogram 1	1	25251.506353421	25252.163746638	2925.795	6360.424	0.6574	3434.629	-51.40	Birds
95	Spectrogram 1	1	25252.566032040	25252.997752959	2098.940	4579.505	0.4317	2480.565	-52.25	Birds
96	Spectrogram 1	1	25252.526784684	25252.752456983	5533.569	8289.753	0.2257	2756.184	-74.54	Birds
97	Spectrogram 1	1	25253.066435833	25253.645334338	4749.117	8374.558	0.5789	3625.442	-69.88	Birds
98	Spectrogram 1	1	25253.606086982	25254.243856521	2395.760	5469.965	0.6378	3074.205	-48.51	Birds
99	Spectrogram 1	1	25254.616706406	25255.225040428	2141.343	3583.039	0.6083	1441.696	-50.84	Birds
100	Spectrogram 1	1	25255.646949508	25256.225848014	3901.060	6339.223	0.5789	2438.163	-49.32	Birds
101	Spectrogram 1	1	25255.754879738	25256.441708473	2289.753	3498.233	0.6868	1208.481	-57.54	Birds
102	Spectrogram 1	1	25256.667380772	25256.991171461	1992.933	3265.018	0.3238	1272.085	-56.52	Birds
103	Spectrogram 1	1	25257.550446288	25258.109721115	2120.141	6000.000	0.5593	3879.859	-49.92	Birds
104	Spectrogram 1	1	25258.659184103	25259.120340539	2183.746	5703.180	0.4612	3519.435	-50.05	Birds
105	Spectrogram 1	1	25259.701135717	25259.999979167	2289.753	5809.187	0.2988	3519.435	-51.25	Birds
106	Spectrogram 1	1	25257.905569167	25259.249791119	7674.912	9010.601	1.3442	1335.689	-73.58	Birds
107	Spectrogram 1	1	25253.663186119	25253.800551866	9413.428	10643.110	0.1374	1229.682	-73.82	Birds
108	Spectrogram 1	1	25254.634558187	25254.879854164	9773.852	10431.095	0.2453	657.244	-76.55	Birds
109	Spectrogram 1	1	25200.049059195	25200.304167011	5342.756	5936.396	0.2551	593.640	-71.67	Birds
110	Spectrogram 1	1	25200.000000000	25259.999979167	0.000	678.445	60.0000	678.445	-60.07	Unknown

