Selection	View	Channel	Begin Time (s)	End Time (s)	Low Freq (Hz)	High Freq (Hz)	Delta Time (s)	Delta Freq (Hz)	Avg Power Density (dB FS/Hz)	Annotation
1	Spectrogram 1	1	4560.000000000	4619.711979267	5575.758	6303.030	59.7120	727.273	-70.67	Insects
2	Spectrogram 1	1	4560.237587796	4560.364866972	8331.004	9770.930	0.1273	1439.927	-72.55	Birds
3	Spectrogram 1	1	4560.229102518	4560.407293365	3942.656	4971.175	0.1782	1028.519	-69.41	Birds
4	Spectrogram 1	1	4560.330925859	4560.627910604	1542.778	2434.162	0.2970	891.383	-69.42	Birds
5	Spectrogram 1	1	4560.755189780	4561.009748133	1131.371	2365.594	0.2546	1234.223	-72.10	Birds
6	Spectrogram 1	1	4561.374615105	4561.764937913	1234.223	4594.051	0.3903	3359.829	-59.99	Birds
7	Spectrogram 1	1	4562.206172391	4562.706803819	6376.818	10730.881	0.5006	4354.064	-68.49	Birds
8	Spectrogram 1	1	4562.477701301	4562.842568273	3599.816	6719.657	0.3649	3119.841	-69.58	Birds
9	Spectrogram 1	1	4562.868024109	4563.215920524	1714.198	4971.175	0.3479	3256.977	-54.03	Birds
10	Spectrogram 1	1	4564.590535630	4565.031770108	1817.050	5005.459	0.4412	3188.409	-62.49	Birds
11	Spectrogram 1	1	4564.675388414	4565.235416790	6273.966	10456.609	0.5600	4182.644	-67.25	Birds
12	Spectrogram 1	1	4565.057225943	4565.294813739	3805.520	6342.534	0.2376	2537.013	-67.46	Birds
13	Spectrogram 1	1	4565.897268507	4566.109400468	2571.297	4696.903	0.2121	2125.606	-69.79	Birds
14	Spectrogram 1	1	4565.651195433	4565.897268507	2708.433	3668.384	0.2461	959.951	-74.20	Birds
15	Spectrogram 1	1	4566.126371025	4566.508208554	1988.470	4868.323	0.3818	2879.853	-55.80	Birds
16	Spectrogram 1	1	4566.737311072	4567.042781095	4182.644	5211.163	0.3055	1028.519	-68.58	Birds
17	Spectrogram 1	1	4567.229457221	4567.433103903	3325.545	5142.595	0.2036	1817.050	-69.92	Birds
18	Spectrogram 1	1	4566.957928311	4567.161574993	2537.013	4525.483	0.2036	1988.470	-73.14	Birds
19	Spectrogram 1	1	4567.823426711	4568.171323126	2194.174	5074.027	0.3479	2879.853	-51.82	Birds
20	Spectrogram 1	1	4568.485278428	4569.062277361	3256.977	10696.597	0.5770	7439.620	-70.46	Birds
21	Spectrogram 1	1	4569.376232663	4569.783526027	2331.310	5314.015	0.4073	2982.705	-53.79	Birds
22	Spectrogram 1	1	4571.291735362	4571.682058170	2228.458	5108.311	0.3903	2879.853	-56.48	Birds
23	Spectrogram 1	1	4571.385073425	4571.571749550	7953.880	9942.350	0.1867	1988.470	-67.69	Birds
24	Spectrogram 1	1	4571.885704852	4572.114807370	6685.373	10079.486	0.2291	3394.113	-65.96	Birds
25	Spectrogram 1	1	4572.072380978	4572.420277393	3496.964	10696.597	0.3479	7199.633	-67.28	Birds
26	Spectrogram 1	1	4572.853026593	4573.209408287	2399.878	5314.015	0.3564	2914.137	-57.90	Birds
27	Spectrogram 1	1	4573.243349401	4573.625186930	4011.224	5108.311	0.3818	1097.087	-70.57	Birds
28	Spectrogram 1	1	4573.803377777	4574.320979761	5554.002	6685.373	0.5176	1131.371	-69.03	Birds
29	Spectrogram 1	1	4573.862774726	4574.295523926	3531.248	4765.471	0.4327	1234.223	-71.68	Birds
30	Spectrogram 1	1	4574.872522859	4575.245875110	2297.026	5074.027	0.3734	2777.001	-56.29	Birds
31	Spectrogram 1	1	4574.575538114	4574.796155353	3428.397	4525.483	0.2206	1097.087	-70.69	Birds
32	Spectrogram 1	1	4575.339213172	4575.576800968	6342.534	9188.103	0.2376	2845.569	-66.19	Birds
33	Spectrogram 1	1	4575.525889298	4575.848329878	5828.274	10559.461	0.3224	4731.187	-67.01	Birds
34	Spectrogram 1	1	4575.432551235	4575.619227360	4456.915	5108.311	0.1867	651.395	-65.67	Birds
35	Spectrogram 1	1	4575.746506537	4576.051976560	3428.397	5211.163	0.3055	1782.766	-67.61	Birds
36	Spectrogram 1	1	4576.213196850	4576.493211038	2708.433	4696.903	0.2800	1988.470	-73.89	Birds
37	Spectrogram 1	1	4576.620490215	4576.790195783	3291.261	5176.879	0.1697	1885.618	-71.39	Birds
38	Spectrogram 1	1	4576.756254670	4576.908989681	6205.398	6753.941	0.1527	548.543	-72.50	Birds
39	Spectrogram 1	1	4576.976871909	4577.452047501	1714.198	4834.039	0.4752	3119.841	-58.98	Birds
40	Spectrogram 1	1	4578.110903077	4578.501225885	6411.101	7302.485	0.3903	891.383	-73.50	Birds
41	Spectrogram 1	1	4579.146107045	4579.451577069	6273.966	9085.251	0.3055	2811.285	-61.38	Birds
42	Spectrogram 1	1	4579.341268449	4579.748561814	3428.397	10765.165	0.4073	7336.769	-69.52	Birds
43	Spectrogram 1	1	4579.875840990	4580.308590190	6582.521	7336.769	0.4327	754.247	-71.61	Birds
44	Spectrogram 1	1	4580.664971884	4581.038324135	6685.373	7165.349	0.3734	479.976	-73.54	Birds
45	Spectrogram 1	1	4581.174088590	4581.818969750	3702.668	5588.286	0.6449	1885.618	-72.49	Birds
46	Spectrogram 1	1	4581.632293625	4581.835940307	6582.521	8982.399	0.2036	2399.878	-67.26	Birds
47	Spectrogram 1	1	4581.776543358	4582.183836722	3634.100	10868.017	0.4073	7233.917	-69.60	Birds
48	Spectrogram 1	1	4583.617848777	4583.889377687	2125.606	4971.175	0.2715	2845.569	-58.48	Birds
49	Spectrogram 1	1	4584.203332988	4584.415464949	6753.941	8982.399	0.2121	2228.458	-68.23	Birds
50	Spectrogram 1	1	4584.373038557	4584.737905529	3599.816	10696.597	0.3649	7096.781	-69.38	Birds
51	Spectrogram 1	1	4584.330612165	4584.517288290	3085.557	4696.903	0.1867	1611.346	-70.36	Birds
52	Spectrogram 1	1	4584.143936039	4584.390009114	2708.433	3222.693	0.2461	514.259	-73.76	Birds
53	Spectrogram 1	1	4584.517288290	4584.754876086	2434.162	3051.273	0.2376	617.111	-71.78	Birds
54	Spectrogram 1	1	4584.763361365	4584.941552212	2708.433	4491.199	0.1782	1782.766	-69.70	Birds
55	Spectrogram 1	1	4584.926465157	4585.214964623	2674.149	4045.508	0.2885	1371.359	-71.31	Birds
56	Spectrogram 1	1	4585.189508788	4585.376184913	4456.915	5108.311	0.1867	651.395	-66.24	Birds
57	Spectrogram 1	1	4585.359214357	4585.707110772	2982.705	4422.632	0.3479	1439.927	-72.21	Birds
58	Spectrogram 1	1	4585.673169658	4585.910757454	3188.409	4662.619	0.2376	1474.211	-71.60	Birds
59	Spectrogram 1	1	4586.063492466	4586.275624427	3428.397	4902.607	0.2121	1474.211	-69.57	Birds
60	Spectrogram 1	1	4587.336284230	4587.607813140	2297.026	5519.718	0.2715	3222.693	-55.89	Birds
61	Spectrogram 1	1	4587.327798952	4587.743577595	6033.978	10593.745	0.4158	4559.767	-67.94	Birds
62	Spectrogram 1	1	4587.709636481	4587.853886214	3428.397	5759.706	0.1442	2331.310	-68.08	Birds
63	Spectrogram 1	1	4589.364265775	4589.907323594	2194.174	3565.532	0.5431	1371.359	-55.78	Birds
64	Spectrogram 1	1	4589.432148002	4590.034602770	5142.595	7268.201	0.6025	2125.606	-72.81	Birds
65	Spectrogram 1	1	4590.246734731	4590.891615892	3496.964	10730.881	0.6449	7233.917	-69.98	Birds
66	Spectrogram 1	1	4591.127249884	4591.263014339	5108.311	6411.101	0.1358	1302.791	-68.55	Birds
67	Spectrogram 1	1	4591.848498550	4592.450953319	5039.743	6616.805	0.6025	1577.062	-68.77	Birds
68	Spectrogram 1	1	4593.282510604	4593.511613122	6068.262	9942.350	0.2291	3874.088	-64.55	Birds
69	Spectrogram 1	1	4593.426760338	4593.817083145	3874.088	10628.029	0.3903	6753.941	-67.20	Birds
70	Spectrogram 1	1	4592.994011138	4593.604951185	2708.433	4491.199	0.6109	1782.766	-72.52	Birds
71	Spectrogram 1	1	4593.978303436	4594.300744016	4354.064	5314.015	0.3224	959.951	-67.51	Birds
72	Spectrogram 1	1	4594.173464839	4594.487420141	2777.001	4662.619	0.3140	1885.618	-70.75	Birds
73	Spectrogram 1	1	4594.894713506	4595.251095200	2331.310	4971.175	0.3564	2639.865	-56.76	Birds
74	Spectrogram 1	1	4594.597728761	4595.675359121	5691.138	7165.349	1.0776	1474.211	-67.52	Birds
75	Spectrogram 1	1	4596.744504203	4597.083915340	1885.618	4799.755	0.3394	2914.137	-57.45	Birds
76	Spectrogram 1	1	4597.892710992	4598.444254090	3394.113	10662.313	0.5515	7268.201	-68.82	Birds
77	Spectrogram 1	1	4598.342430749	4598.783665227	1954.186	3805.520	0.4412	1851.334	-59.20	Birds
78	Spectrogram 1	1	4599.937663094	4600.217677282	2262.742	5074.027	0.2800	2811.285	-58.02	Birds
79	Spectrogram 1	1	4600.378897572	4600.947411226	3668.384	10490.893	0.5685	6822.509	-69.62	Birds
80	Spectrogram 1	1	4602.084438536	4602.449305508	2125.606	4148.360	0.3649	2022.754	-54.47	Birds
81	Spectrogram 1	1	4602.480597905	4602.709700422	2845.569	4799.755	0.2291	1954.186	-70.70	Birds
82	Spectrogram 1	1	4603.125479065	4603.872183567	2948.421	10662.313	0.7467	7713.892	-69.74	Birds
83	Spectrogram 1	1	4603.643081049	4603.889154124	7611.040	9805.214	0.2461	2194.174	-71.23	Birds
84	Spectrogram 1	1	4602.769097371	4603.405493253	2537.013	3976.940	0.6364	1439.927	-70.79	Birds
85	Spectrogram 1	1	4603.906124680	4604.338873880	2399.878	4902.607	0.4327	2502.729	-57.73	Birds
86	Spectrogram 1	1	4605.705003707	4605.942591503	2091.322	5211.163	0.2376	3119.841	-59.09	Birds
87	Spectrogram 1	1	4605.840768162	4606.273517362	3462.680	10868.017	0.4327	7405.336	-68.79	Birds
88	Spectrogram 1	1	4607.011736585	4607.232353824	8091.016	9633.794	0.2206	1542.778	-75.51	Birds
89	Spectrogram 1	1	4608.072396389	4608.496660310	2365.594	5279.731	0.4243	2914.137	-60.09	Birds
90	Spectrogram 1	1	4608.672318291	4609.206890832	3736.952	10490.893	0.5346	6753.941	-68.53	Birds
91	Spectrogram 1	1	4610.980314024	4611.311239883	2262.742	4971.175	0.3309	2708.433	-62.97	Birds
92	Spectrogram 1	1	4611.166990149	4611.845812424	5965.410	7816.744	0.6788	1851.334	-62.72	Birds
93	Spectrogram 1	1	4611.438519059	4611.693077412	3599.816	4799.755	0.2546	1199.939	-72.66	Birds
94	Spectrogram 1	1	4612.482208306	4612.711310823	3016.989	4731.187	0.2291	1714.198	-70.48	Birds
95	Spectrogram 1	1	4612.278561623	4612.516149419	2708.433	3222.693	0.2376	514.259	-73.93	Birds
96	Spectrogram 1	1	4609.953595334	4610.250580079	1028.519	1542.778	0.2970	514.259	-75.45	Birds
97	Spectrogram 1	1	4612.685854988	4612.872531113	2571.297	3222.693	0.1867	651.395	-67.89	Birds
98	Spectrogram 1	1	4612.847075278	4613.288309756	2708.433	4354.064	0.4412	1645.630	-69.41	Birds
99	Spectrogram 1	1	4612.889501670	4613.373162541	5896.842	10490.893	0.4837	4594.051	-68.16	Birds
100	Spectrogram 1	1	4613.262853921	4613.534382831	3634.100	5485.434	0.2715	1851.334	-65.86	Birds
101	Spectrogram 1	1	4613.559838666	4613.941676195	1954.186	3462.680	0.3818	1508.494	-59.63	Birds
102	Spectrogram 1	1	4613.721058956	4614.179263991	6651.089	7302.485	0.4582	651.395	-73.32	Birds
103	Spectrogram 1	1	4614.679895418	4615.121129897	6685.373	7233.917	0.4412	548.543	-70.36	Birds
104	Spectrogram 1	1	4613.822882297	4614.102896485	2777.001	4456.915	0.2800	1679.914	-70.63	Birds
105	Spectrogram 1	1	4614.187749270	4614.391395952	3154.125	4799.755	0.2036	1645.630	-71.76	Birds
106	Spectrogram 1	1	4612.456752470	4612.830104721	6651.089	7199.633	0.3734	548.543	-74.78	Birds
107	Spectrogram 1	1	4615.443570477	4615.978143018	6822.509	7439.620	0.5346	617.111	-69.73	Birds
108	Spectrogram 1	1	4616.275127763	4616.945464759	6548.237	7165.349	0.6703	617.111	-71.28	Birds
109	Spectrogram 1	1	4615.685010729	4616.024421866	2125.606	5005.459	0.3394	2879.853	-59.91	Birds
110	Spectrogram 1	1	4617.135993341	4617.729962830	3702.668	10216.622	0.5940	6513.953	-69.69	Birds
111	Spectrogram 1	1	4618.408785105	4618.934872367	6548.237	6993.929	0.5261	445.692	-73.93	Birds
112	Spectrogram 1	1	4619.299739340	4619.673091590	6513.953	7165.349	0.3734	651.395	-74.56	Birds
113	Spectrogram 1	1	4618.256050093	4618.654858179	2262.742	4799.755	0.3988	2537.013	-59.17	Birds
114	Spectrogram 1	1	4616.626876635	4616.915376101	4319.780	4765.471	0.2885	445.692	-76.16	Birds
