Selection	View	Channel	Begin Time (s)	End Time (s)	Low Freq (Hz)	High Freq (Hz)	Delta Time (s)	Delta Freq (Hz)	Avg Power Density (dB FS/Hz)	Annotation
1	Spectrogram 1	1	1680.000000000	1739.999979167	5724.020	6950.596	60.0000	1226.576	-45.02	Insects
2	Spectrogram 1	1	1680.000000000	1739.999979167	6991.482	8054.514	60.0000	1063.032	-54.67	Insects
3	Spectrogram 1	1	1729.871982683	1730.255982550	8381.601	11202.726	0.3840	2821.124	-44.64	Birds
4	Spectrogram 1	1	1731.791982017	1732.319981833	8913.118	10548.552	0.5280	1635.434	-51.32	Birds
5	Spectrogram 1	1	1732.319981833	1732.943981617	8954.003	9689.949	0.6240	735.945	-57.20	Birds
6	Spectrogram 1	1	1680.033941114	1682.061922658	2637.138	2862.010	2.0280	224.872	-69.35	Amphibians
7	Spectrogram 1	1	1682.630436313	1685.625739598	2678.024	2862.010	2.9953	183.986	-66.01	Amphibians
8	Spectrogram 1	1	1686.296076594	1690.360524961	2657.581	2862.010	4.0644	204.429	-66.06	Amphibians
9	Spectrogram 1	1	1680.008485278	1693.457651587	2330.494	2555.366	13.4492	224.872	-64.36	Amphibians
10	Spectrogram 1	1	1690.868382793	1693.167893246	2637.138	2862.010	2.2995	224.872	-68.31	Amphibians
11	Spectrogram 1	1	1693.541245497	1694.788581426	2166.951	2575.809	1.2473	408.859	-65.27	Amphibians
12	Spectrogram 1	1	1694.143136322	1695.611089490	2596.252	2923.339	1.4680	327.087	-69.97	Amphibians
13	Spectrogram 1	1	1695.984441740	1703.468457314	2555.366	2862.010	7.4840	306.644	-67.37	Amphibians
14	Spectrogram 1	1	1695.322590023	1702.195665550	2228.279	2596.252	6.8731	367.973	-64.68	Amphibians
15	Spectrogram 1	1	1704.130309031	1706.285569752	2616.695	2841.567	2.1553	224.872	-65.31	Amphibians
16	Spectrogram 1	1	1706.596760531	1707.699846727	2310.051	2575.809	1.1031	265.758	-63.33	Amphibians
17	Spectrogram 1	1	1707.224671135	1708.539889291	2575.809	2862.010	1.3152	286.201	-69.42	Amphibians
18	Spectrogram 1	1	1709.039840955	1715.717755078	2248.722	2494.037	6.6779	245.315	-62.76	Amphibians
19	Spectrogram 1	1	1712.743853901	1721.356411505	2534.923	3045.997	8.6126	511.073	-69.78	Amphibians
20	Spectrogram 1	1	1715.807039413	1731.767848136	2228.279	2494.037	15.9608	265.758	-65.38	Amphibians
21	Spectrogram 1	1	1734.296461108	1739.999979167	2269.165	2534.923	5.7035	265.758	-63.23	Amphibians
22	Spectrogram 1	1	1731.217715994	1736.274941937	2494.037	2862.010	5.0572	367.973	-67.45	Amphibians
23	Spectrogram 1	1	1723.263374078	1729.321862876	2534.923	2882.453	6.0585	347.530	-67.35	Amphibians
24	Spectrogram 1	1	1705.886968737	1706.463967670	3270.869	3536.627	0.5770	265.758	-71.87	Amphibians
25	Spectrogram 1	1	1707.575539144	1708.110111685	3250.426	3495.741	0.5346	245.315	-73.89	Amphibians
26	Spectrogram 1	1	1711.104503570	1711.825752236	3189.097	3454.855	0.7212	265.758	-74.43	Amphibians
27	Spectrogram 1	1	1714.048895184	1714.608923560	3229.983	3597.956	0.5600	367.973	-74.65	Amphibians
28	Spectrogram 1	1	1715.315780053	1716.147337339	3270.869	3434.412	0.8316	163.543	-74.46	Amphibians
29	Spectrogram 1	1	1718.294112781	1719.261434522	3148.211	3475.298	0.9673	327.087	-73.30	Amphibians
30	Spectrogram 1	1	1720.902019130	1721.869340871	3086.882	3393.526	0.9673	306.644	-70.71	Amphibians
31	Spectrogram 1	1	1723.260926533	1725.331334470	3189.097	3475.298	2.0704	286.201	-68.44	Amphibians
32	Spectrogram 1	1	1726.639255903	1728.370252703	3005.111	3475.298	1.7310	470.187	-62.76	Amphibians
33	Spectrogram 1	1	1728.769060789	1729.524250569	3148.211	3454.855	0.7552	306.644	-70.12	Amphibians
34	Spectrogram 1	1	1730.364293133	1731.475864607	2984.668	3413.969	1.1116	429.302	-62.75	Amphibians
35	Spectrogram 1	1	1732.808053321	1733.843257289	3086.882	3413.969	1.0352	327.087	-69.33	Amphibians
36	Spectrogram 1	1	1735.257997526	1736.131981204	2984.668	3291.312	0.8740	306.644	-72.77	Amphibians
37	Spectrogram 1	1	1737.642360764	1738.244815532	3005.111	3373.083	0.6025	367.973	-72.27	Amphibians
38	Spectrogram 1	1	1739.534577853	1739.999979167	3005.111	3291.312	0.4654	286.201	-71.10	Amphibians
39	Spectrogram 1	1	1739.695798143	1739.967327053	245.315	613.288	0.2715	367.973	-66.32	Domestic mammals
40	Spectrogram 1	1	1738.346638873	1738.643623618	265.758	531.516	0.2970	265.758	-65.65	Domestic mammals
41	Spectrogram 1	1	1736.624127353	1736.887170984	265.758	470.187	0.2630	204.429	-65.02	Domestic mammals
42	Spectrogram 1	1	1682.247803925	1682.485391721	286.201	592.845	0.2376	306.644	-68.80	Domestic mammals
43	Spectrogram 1	1	1683.826065713	1684.106079901	327.087	592.845	0.2800	265.758	-68.79	Domestic mammals
44	Spectrogram 1	1	1685.294018881	1685.591003626	306.644	572.402	0.2970	265.758	-68.22	Domestic mammals
45	Spectrogram 1	1	1687.111520329	1687.366078682	347.530	551.959	0.2546	204.429	-67.66	Domestic mammals
46	Spectrogram 1	1	1689.275266328	1689.538309959	286.201	551.959	0.2630	265.758	-66.47	Domestic mammals
47	Spectrogram 1	1	1690.921410343	1691.201424531	306.644	531.516	0.2800	224.872	-67.95	Domestic mammals
48	Spectrogram 1	1	1692.891994259	1693.138067334	306.644	592.845	0.2461	286.201	-67.02	Domestic mammals
49	Spectrogram 1	1	1694.894519968	1695.106651929	224.872	531.516	0.2121	306.644	-67.33	Domestic mammals
50	Spectrogram 1	1	1696.185339810	1696.847191527	286.201	592.845	0.6619	306.644	-69.36	Domestic mammals
51	Spectrogram 1	1	1698.077556899	1698.281203582	286.201	531.516	0.2036	245.315	-66.26	Domestic mammals
52	Spectrogram 1	1	1699.723700914	1700.012200381	265.758	592.845	0.2885	327.087	-68.33	Domestic mammals
53	Spectrogram 1	1	1701.340103696	1701.603147327	245.315	572.402	0.2630	327.087	-67.62	Domestic mammals
54	Spectrogram 1	1	1702.748659915	1703.020188825	163.543	511.073	0.2715	347.530	-66.36	Domestic mammals
55	Spectrogram 1	1	1704.432829105	1704.644961066	286.201	531.516	0.2121	245.315	-67.12	Domestic mammals
56	Spectrogram 1	1	1705.917752830	1706.265649245	245.315	531.516	0.3479	286.201	-68.78	Domestic mammals
57	Spectrogram 1	1	1707.809969919	1708.056042994	265.758	654.174	0.2461	388.416	-67.94	Domestic mammals
58	Spectrogram 1	1	1709.604100305	1709.875629215	286.201	531.516	0.2715	245.315	-67.51	Domestic mammals
59	Spectrogram 1	1	1711.080538752	1711.352067661	245.315	633.731	0.2715	388.416	-68.58	Domestic mammals
60	Spectrogram 1	1	1712.786079716	1713.040638068	245.315	572.402	0.2546	327.087	-67.84	Domestic mammals
61	Spectrogram 1	1	1714.232197867	1714.537667890	286.201	572.402	0.3055	286.201	-67.06	Domestic mammals
62	Spectrogram 1	1	1715.725606870	1715.988650501	265.758	592.845	0.2630	327.087	-66.81	Domestic mammals
63	Spectrogram 1	1	1717.371750885	1717.592368124	347.530	572.402	0.2206	224.872	-66.64	Domestic mammals
64	Spectrogram 1	1	1718.840761607	1719.103805238	286.201	531.516	0.2630	245.315	-66.03	Domestic mammals
65	Spectrogram 1	1	1722.031226296	1722.294269927	286.201	633.731	0.2630	347.530	-67.56	Domestic mammals
66	Spectrogram 1	1	1723.509895668	1723.840821527	347.530	551.959	0.3309	204.429	-66.22	Domestic mammals
67	Spectrogram 1	1	1725.486965542	1725.673641667	306.644	531.516	0.1867	224.872	-64.64	Domestic mammals
68	Spectrogram 1	1	1727.080939029	1727.377923774	224.872	531.516	0.2970	306.644	-66.93	Domestic mammals
69	Spectrogram 1	1	1728.608289146	1728.854362220	245.315	613.288	0.2461	367.973	-67.31	Domestic mammals
70	Spectrogram 1	1	1730.076242314	1730.313830110	347.530	572.402	0.2376	224.872	-66.95	Domestic mammals
71	Spectrogram 1	1	1731.747842164	1732.087253301	204.429	592.845	0.3394	388.416	-67.99	Domestic mammals
72	Spectrogram 1	1	1733.326103952	1733.512780077	122.658	654.174	0.1867	531.516	-65.06	Domestic mammals
73	Spectrogram 1	1	1734.938306853	1735.260747433	224.872	654.174	0.3224	429.302	-67.36	Domestic mammals
74	Spectrogram 1	1	1684.407370768	1685.115370522	8095.400	13165.247	0.7080	5069.847	-70.62	Insects
75	Spectrogram 1	1	1686.183370151	1686.627369997	8504.259	12879.046	0.4440	4374.787	-70.50	Insects
76	Spectrogram 1	1	1687.203369797	1687.659369638	8299.830	12797.274	0.4560	4497.445	-71.37	Insects
77	Spectrogram 1	1	1690.071368801	1690.755368563	8586.031	12715.503	0.6840	4129.472	-70.39	Insects
78	Spectrogram 1	1	1692.111368093	1692.711367884	8218.058	12429.302	0.6000	4211.244	-71.62	Insects
79	Spectrogram 1	1	1695.116342640	1695.740342424	8626.917	12960.818	0.6240	4333.901	-70.12	Insects
80	Spectrogram 1	1	1696.220342257	1696.892342024	8258.944	13451.448	0.6720	5192.504	-70.86	Insects
81	Spectrogram 1	1	1698.176341578	1698.860341340	8381.601	13614.991	0.6840	5233.390	-69.24	Insects
82	Spectrogram 1	1	1699.892340982	1700.468340782	8381.601	13614.991	0.5760	5233.390	-68.93	Insects
83	Spectrogram 1	1	1702.073706030	1702.721705805	8463.373	13737.649	0.6480	5274.276	-68.92	Insects
84	Spectrogram 1	1	1704.101705326	1704.593705155	8545.145	13696.763	0.4920	5151.618	-68.00	Insects
85	Spectrogram 1	1	1706.141704617	1706.813704384	8258.944	13737.649	0.6720	5478.705	-68.47	Insects
86	Spectrogram 1	1	1707.665704088	1708.001703972	8504.259	13696.763	0.3360	5192.504	-69.28	Insects
87	Spectrogram 1	1	1709.568142393	1710.192142177	8299.830	13247.019	0.6240	4947.189	-69.43	Insects
88	Spectrogram 1	1	1711.320141785	1711.836141606	8136.286	14310.051	0.5160	6173.765	-68.14	Insects
89	Spectrogram 1	1	1712.952141218	1713.492141031	8218.058	14350.937	0.5400	6132.879	-68.03	Insects
90	Spectrogram 1	1	1712.148141497	1712.700141306	8463.373	13942.078	0.5520	5478.705	-71.88	Insects
91	Spectrogram 1	1	1714.968140518	1715.640140285	8258.944	14146.508	0.6720	5887.564	-68.77	Insects
92	Spectrogram 1	1	1715.928140185	1716.468139997	8258.944	14187.394	0.5400	5928.450	-70.18	Insects
93	Spectrogram 1	1	1716.840139868	1717.440139660	8013.629	14064.736	0.6000	6051.107	-68.56	Insects
94	Spectrogram 1	1	1717.680139577	1718.172139406	8218.058	14146.508	0.4920	5928.450	-70.94	Insects
95	Spectrogram 1	1	1718.531846548	1719.227846306	8381.601	14064.736	0.6960	5683.135	-68.74	Insects
96	Spectrogram 1	1	1720.607845827	1721.219845614	8381.601	14105.622	0.6120	5724.020	-67.79	Insects
97	Spectrogram 1	1	1722.659845114	1723.199844927	8218.058	14596.252	0.5400	6378.194	-67.20	Insects
98	Spectrogram 1	1	1724.783844377	1725.371844173	8258.944	14596.252	0.5880	6337.308	-67.08	Insects
99	Spectrogram 1	1	1725.683844064	1726.307843848	8258.944	14473.595	0.6240	6214.651	-69.80	Insects
100	Spectrogram 1	1	1726.643843731	1727.219843531	8545.145	14473.595	0.5760	5928.450	-67.05	Insects
101	Spectrogram 1	1	1729.283842814	1730.027842556	8177.172	15005.111	0.7440	6827.939	-51.38	Insects
102	Spectrogram 1	1	1731.082086039	1731.634085847	8136.286	15045.997	0.5520	6909.710	-66.00	Insects
103	Spectrogram 1	1	1733.338085256	1733.878085068	8095.400	14841.567	0.5400	6746.167	-66.32	Insects
104	Spectrogram 1	1	1734.226084947	1734.922084706	8177.172	15209.540	0.6960	7032.368	-69.10	Insects
105	Spectrogram 1	1	1735.210084606	1735.834084389	8095.400	14964.225	0.6240	6868.825	-66.86	Insects
106	Spectrogram 1	1	1735.990084335	1736.542084143	8177.172	15005.111	0.5520	6827.939	-70.61	Insects
107	Spectrogram 1	1	1737.346083864	1737.874083681	8177.172	15495.741	0.5280	7318.569	-65.30	Insects
108	Spectrogram 1	1	1738.216522552	1738.996522281	8054.514	15332.198	0.7800	7277.683	-69.16	Insects
109	Spectrogram 1	1	1739.164522223	1739.740522023	7972.743	15373.083	0.5760	7400.341	-65.98	Insects
110	Spectrogram 1	1	1702.360242278	1739.999979167	11938.671	12715.503	37.6397	776.831	-68.20	Insects
