Selection	View	Channel	Begin Time (s)	End Time (s)	Low Freq (Hz)	High Freq (Hz)	Delta Time (s)	Delta Freq (Hz)	Avg Power Density (dB FS/Hz)	Annotation
1	Spectrogram 1	1	17700.000000000	17759.999979167	5333.333	6351.515	60.0000	1018.182	-44.02	Insects
2	Spectrogram 1	1	17701.871999350	17744.063984700	2084.848	2400.000	42.1920	315.152	-62.76	Amphibians
3	Spectrogram 1	1	17746.175983967	17759.999979167	2084.848	2424.242	13.8240	339.394	-63.36	Amphibians
4	Spectrogram 1	1	17700.000000000	17759.999979167	3006.061	3296.970	60.0000	290.909	-71.11	Amphibians
5	Spectrogram 1	1	17700.000000000	17704.511998433	2327.273	2715.152	4.5120	387.879	-68.77	Amphibians
6	Spectrogram 1	1	17706.959997583	17710.415996383	2472.727	2690.909	3.4560	218.182	-67.63	Amphibians
7	Spectrogram 1	1	17712.191995767	17722.799992083	2448.485	2715.152	10.6080	266.667	-68.76	Amphibians
8	Spectrogram 1	1	17725.487991150	17731.247989150	2400.000	2666.667	5.7600	266.667	-68.05	Amphibians
9	Spectrogram 1	1	17734.415988050	17740.943985783	2448.485	2787.879	6.5280	339.394	-69.74	Amphibians
10	Spectrogram 1	1	17742.191985350	17743.775984800	2424.242	2715.152	1.5840	290.909	-69.93	Amphibians
11	Spectrogram 1	1	17700.000000000	17759.999979167	3878.788	4872.727	60.0000	993.939	-58.61	Insects
12	Spectrogram 1	1	17700.152735012	17701.221880094	6526.228	7398.955	1.0691	872.727	-63.99	Birds
13	Spectrogram 1	1	17702.104349050	17703.037729677	6380.773	7301.985	0.9334	921.212	-61.78	Birds
14	Spectrogram 1	1	17703.461993599	17704.089904202	6429.258	6986.834	0.6279	557.576	-62.17	Birds
15	Spectrogram 1	1	17704.548109237	17705.328754853	6623.197	7544.410	0.7806	921.212	-62.94	Birds
16	Spectrogram 1	1	17706.126371025	17706.703369958	6332.288	7398.955	0.5770	1066.667	-61.16	Birds
17	Spectrogram 1	1	17707.246427777	17708.094955620	6598.955	7520.167	0.8485	921.212	-62.64	Birds
18	Spectrogram 1	1	17708.434366757	17708.977424577	6453.501	6962.591	0.5431	509.091	-61.09	Birds
19	Spectrogram 1	1	17709.198041816	17709.825952420	6550.470	7398.955	0.6279	848.485	-61.43	Birds
20	Spectrogram 1	1	17709.893834647	17710.385980796	6598.955	6962.591	0.4921	363.636	-63.28	Birds
21	Spectrogram 1	1	17711.183596968	17712.643064858	6332.288	7374.713	1.4595	1042.424	-61.71	Birds
22	Spectrogram 1	1	17713.321887132	17713.661298269	6405.016	6962.591	0.3394	557.576	-59.52	Birds
23	Spectrogram 1	1	17713.932827179	17714.611649453	6356.531	7471.682	0.6788	1115.152	-60.45	Birds
24	Spectrogram 1	1	17714.747413908	17715.256530613	6405.016	7180.773	0.5091	775.758	-64.96	Birds
25	Spectrogram 1	1	17715.409265625	17716.223852354	6429.258	7374.713	0.8146	945.455	-59.67	Birds
26	Spectrogram 1	1	17717.086963801	17719.089489510	6380.773	7398.955	2.0025	1018.182	-62.31	Birds
27	Spectrogram 1	1	17719.293136192	17719.785282341	6501.985	6841.379	0.4921	339.394	-58.89	Birds
28	Spectrogram 1	1	17720.039840694	17720.582898513	6574.713	7374.713	0.5431	800.000	-58.79	Birds
29	Spectrogram 1	1	17720.582898513	17721.210809117	6429.258	6889.864	0.6279	460.606	-59.96	Birds
30	Spectrogram 1	1	17721.516279140	17722.415718654	6453.501	7423.197	0.8994	969.697	-60.28	Birds
31	Spectrogram 1	1	17723.009688144	17723.603657634	6501.985	7301.985	0.5940	800.000	-58.25	Birds
32	Spectrogram 1	1	17724.231568237	17724.808567170	6574.713	7374.713	0.5770	800.000	-60.13	Birds
33	Spectrogram 1	1	17725.147978307	17725.928623923	6453.501	7471.682	0.7806	1018.182	-60.35	Birds
34	Spectrogram 1	1	17726.030447264	17726.997769005	6623.197	7568.652	0.9673	945.455	-62.07	Birds
35	Spectrogram 1	1	17727.184445130	17727.829326291	6550.470	7495.925	0.6449	945.455	-58.57	Birds
36	Spectrogram 1	1	17728.202678541	17728.660883577	6647.440	7374.713	0.4582	727.273	-58.98	Birds
37	Spectrogram 1	1	17729.000294714	17729.950645898	6453.501	7301.985	0.9504	848.485	-60.24	Birds
38	Spectrogram 1	1	17730.697350399	17731.189496548	6647.440	7374.713	0.4921	727.273	-58.32	Birds
39	Spectrogram 1	1	17731.685240717	17732.330121877	6550.470	7277.743	0.6449	727.273	-58.16	Birds
40	Spectrogram 1	1	17733.348355289	17734.366588700	6356.531	7447.440	1.0182	1090.909	-60.48	Birds
41	Spectrogram 1	1	17734.858734849	17735.384822111	6574.713	7350.470	0.5261	775.758	-60.78	Birds
42	Spectrogram 1	1	17735.707262692	17736.572761091	6405.016	7350.470	0.8655	945.455	-59.60	Birds
43	Spectrogram 1	1	17737.234612809	17738.337699004	6429.258	7277.743	1.1031	848.485	-59.28	Birds
44	Spectrogram 1	1	17739.627461325	17740.475989168	6477.743	7374.713	0.8485	896.970	-58.95	Birds
45	Spectrogram 1	1	17741.850604273	17742.274868195	6526.228	7180.773	0.4243	654.545	-55.52	Birds
46	Spectrogram 1	1	17742.478514877	17742.936719912	6647.440	7059.561	0.4582	412.121	-63.80	Birds
47	Spectrogram 1	1	17743.547659959	17744.039806108	6720.167	7374.713	0.4921	654.545	-58.02	Birds
48	Spectrogram 1	1	17744.531952257	17745.533215111	6477.743	7447.440	1.0013	969.697	-61.54	Birds
49	Spectrogram 1	1	17746.682613238	17747.717817206	6453.501	7277.743	1.0352	824.242	-59.67	Birds
50	Spectrogram 1	1	17748.413610037	17748.939697300	6647.440	7277.743	0.5261	630.303	-59.76	Birds
51	Spectrogram 1	1	17750.059754052	17750.602811872	6574.713	7326.228	0.5431	751.515	-57.82	Birds
52	Spectrogram 1	1	17749.346990664	17749.822166256	6429.258	6914.107	0.4752	484.848	-60.74	Birds
53	Spectrogram 1	1	17750.823429111	17751.587104169	6380.773	7108.046	0.7637	727.273	-61.84	Birds
54	Spectrogram 1	1	17752.673219808	17753.640541549	6453.501	7350.470	0.9673	896.970	-60.17	Birds
55	Spectrogram 1	1	17754.319363823	17754.998186097	6453.501	6986.834	0.6788	533.333	-60.79	Birds
56	Spectrogram 1	1	17756.186125077	17757.068594034	6526.228	7011.076	0.8825	484.848	-61.91	Birds
57	Spectrogram 1	1	17758.477150253	17759.495383664	6332.288	7253.501	1.0182	921.212	-60.00	Birds
58	Spectrogram 1	1	17701.561291231	17702.138290164	6843.887	13631.766	0.5770	6787.879	-66.43	Insects
59	Spectrogram 1	1	17704.072933645	17704.531138681	7062.069	13971.160	0.4582	6909.091	-66.15	Insects
60	Spectrogram 1	1	17707.585838915	17708.315572859	7352.978	14237.827	0.7297	6884.848	-65.95	Insects
61	Spectrogram 1	1	17712.066065925	17712.643064858	7692.372	14722.675	0.5770	7030.303	-65.38	Insects
62	Spectrogram 1	1	17714.034650520	17714.323149986	7837.827	14771.160	0.2885	6933.333	-65.67	Insects
63	Spectrogram 1	1	17715.562000637	17716.138999570	7401.463	14649.948	0.5770	7248.485	-65.98	Insects
64	Spectrogram 1	1	17719.364050156	17719.991960759	7837.827	14431.766	0.6279	6593.939	-65.34	Insects
65	Spectrogram 1	1	17723.165454891	17723.929129950	7643.887	14843.887	0.7637	7200.000	-64.96	Insects
66	Spectrogram 1	1	17724.743716679	17725.184951157	7765.099	15013.584	0.4412	7248.485	-65.18	Insects
67	Spectrogram 1	1	17727.849328583	17728.409356960	8104.493	15377.220	0.5600	7272.727	-64.26	Insects
68	Spectrogram 1	1	17733.907817381	17734.637551326	7571.160	15159.039	0.7297	7587.879	-64.86	Insects
69	Spectrogram 1	1	17737.551146839	17738.111175216	7546.917	15231.766	0.5600	7684.848	-64.35	Insects
70	Spectrogram 1	1	17739.519731435	17739.960965913	7716.614	15522.675	0.4412	7806.061	-64.41	Insects
71	Spectrogram 1	1	17742.795048908	17743.389018398	7449.948	15280.251	0.5940	7830.303	-65.25	Insects
72	Spectrogram 1	1	17746.562512530	17747.258305361	7425.705	15304.493	0.6958	7878.788	-64.16	Insects
73	Spectrogram 1	1	17749.345683854	17749.786918333	7425.705	15280.251	0.4412	7854.545	-65.20	Insects
74	Spectrogram 1	1	17752.134178087	17752.643294792	7401.463	15183.281	0.5091	7781.818	-65.54	Insects
75	Spectrogram 1	1	17754.051851011	17754.476114933	7449.948	15377.220	0.4243	7927.273	-64.89	Insects
76	Spectrogram 1	1	17757.140492359	17757.734461849	6601.463	15207.524	0.5940	8606.061	-65.06	Insects
