Selection	View	Channel	Begin Time (s)	End Time (s)	Low Freq (Hz)	High Freq (Hz)	Delta Time (s)	Delta Freq (Hz)	Avg Power Density (dB FS/Hz)	Annotation
1	Spectrogram 1	1	6301.707259998	6302.933739882	3031.802	3943.463	1.2265	911.661	-71.72	Birds
2	Spectrogram 1	1	6300.098118391	6300.255107816	1523.156	2572.899	0.1570	1049.743	-66.16	Birds
3	Spectrogram 1	1	6300.382661724	6300.470968275	2737.564	3046.312	0.0883	308.748	-63.73	Birds
4	Spectrogram 1	1	6300.598522183	6300.853629999	2511.149	2943.396	0.2551	432.247	-64.55	Birds
5	Spectrogram 1	1	6300.323790689	6300.500403793	1708.405	2408.233	0.1766	699.828	-66.34	Birds
6	Spectrogram 1	1	6300.578898505	6300.716264252	1646.655	2387.650	0.1374	740.995	-65.14	Birds
7	Spectrogram 1	1	6301.471775861	6301.638577125	1708.405	3046.312	0.1668	1337.907	-68.40	Birds
8	Spectrogram 1	1	6301.697448159	6301.805378389	1543.739	2881.647	0.1079	1337.907	-66.58	Birds
9	Spectrogram 1	1	6301.874061262	6302.001615170	1584.906	2902.230	0.1276	1317.324	-67.49	Birds
10	Spectrogram 1	1	6300.019623678	6300.255107816	1770.154	3704.974	0.2355	1934.820	-67.30	Birds
11	Spectrogram 1	1	6304.495718966	6304.633084713	1708.405	2922.813	0.1374	1214.408	-70.26	Birds
12	Spectrogram 1	1	6304.770450460	6304.976499081	1811.321	2943.396	0.2060	1132.075	-71.10	Birds
13	Spectrogram 1	1	6305.025558276	6305.182547701	1708.405	2840.480	0.1570	1132.075	-69.43	Birds
14	Spectrogram 1	1	6305.162924023	6305.418031839	1728.988	2984.563	0.2551	1255.575	-69.70	Birds
15	Spectrogram 1	1	6305.555397586	6305.849752758	2552.316	3581.475	0.2944	1029.160	-70.93	Birds
16	Spectrogram 1	1	6304.986310920	6307.360775975	0.000	493.997	2.3745	493.997	-67.54	Domestic mammals
17	Spectrogram 1	1	6306.752441953	6306.919243217	2099.485	2902.230	0.1668	802.744	-70.69	Birds
18	Spectrogram 1	1	6308.096663905	6308.597067698	1523.156	2140.652	0.5004	617.496	-61.44	Birds
19	Spectrogram 1	1	6307.370587814	6307.498141722	1687.822	3190.395	0.1276	1502.573	-70.59	Birds
20	Spectrogram 1	1	6307.566824595	6307.674754825	1770.154	2984.563	0.1079	1214.408	-69.90	Birds
21	Spectrogram 1	1	6307.674754825	6307.870991607	1728.988	2963.979	0.1962	1234.991	-70.40	Birds
22	Spectrogram 1	1	6309.076957765	6309.371312937	2902.230	3684.391	0.2944	782.161	-69.37	Birds
23	Spectrogram 1	1	6312.030321325	6312.785832934	3108.062	3828.473	0.7555	720.412	-72.59	Birds
24	Spectrogram 1	1	6312.825080290	6313.217553853	2758.148	3581.475	0.3925	823.328	-68.73	Birds
25	Spectrogram 1	1	6316.121858218	6316.514331781	2408.233	3519.726	0.3925	1111.492	-71.75	Birds
26	Spectrogram 1	1	6311.706530636	6312.059756843	4322.470	5269.297	0.3532	946.827	-75.23	Birds
27	Spectrogram 1	1	6313.031128911	6313.413790634	4281.304	5289.880	0.3827	1008.576	-75.22	Birds
28	Spectrogram 1	1	6312.766209256	6313.217553853	5722.127	6236.707	0.4513	514.580	-75.06	Birds
29	Spectrogram 1	1	6313.080188106	6313.610027416	6051.458	7718.696	0.5298	1667.238	-74.01	Birds
30	Spectrogram 1	1	6314.179114082	6314.483281093	4898.799	7060.034	0.3042	2161.235	-74.97	Birds
31	Spectrogram 1	1	6313.040940750	6313.570780059	205.832	576.329	0.5298	370.497	-68.69	Mammals
32	Spectrogram 1	1	6314.208549599	6314.964061207	205.832	638.079	0.7555	432.247	-68.74	Mammals
33	Spectrogram 1	1	6318.988046692	6319.282401864	2675.815	3704.974	0.2944	1029.160	-69.84	Birds
34	Spectrogram 1	1	6318.477831060	6318.713315198	3437.393	6813.036	0.2355	3375.643	-75.65	Birds
35	Spectrogram 1	1	6321.882539218	6323.133958373	2840.480	3849.057	1.2514	1008.576	-72.87	Birds
36	Spectrogram 1	1	6323.315067722	6323.766412319	144.082	596.913	0.4513	452.830	-67.90	Mammals
37	Spectrogram 1	1	6324.934021169	6325.287247375	123.499	617.496	0.3532	493.997	-68.40	Mammals
38	Spectrogram 1	1	6321.289332628	6321.573875961	3869.640	5310.463	0.2845	1440.823	-76.30	Birds
39	Spectrogram 1	1	6323.261512281	6323.653985844	2866.557	3775.947	0.3925	909.390	-68.91	Birds
40	Spectrogram 1	1	6327.529662277	6328.805201356	59.308	553.542	1.2755	494.234	-67.61	Mammals
41	Spectrogram 1	1	6324.762723659	6325.017831475	4092.257	5397.035	0.2551	1304.778	-73.26	Birds
42	Spectrogram 1	1	6327.225495266	6327.637592506	1403.624	2135.091	0.4121	731.466	-64.18	Birds
43	Spectrogram 1	1	6328.128184460	6328.471598827	2807.249	3538.715	0.3434	731.466	-69.27	Birds
44	Spectrogram 1	1	6326.146192968	6326.548478370	6108.731	7789.127	0.4023	1680.395	-73.67	Birds
45	Spectrogram 1	1	6329.444992375	6329.798218582	4487.644	6662.273	0.3532	2174.629	-73.33	Birds
46	Spectrogram 1	1	6329.974831685	6330.210315823	4369.028	5555.189	0.2355	1186.161	-75.86	Birds
47	Spectrogram 1	1	6330.308434214	6330.632224903	4250.412	5298.188	0.3238	1047.776	-76.17	Birds
48	Spectrogram 1	1	6324.833428012	6324.941358242	8797.364	10121.911	0.1079	1324.547	-77.54	Birds
49	Spectrogram 1	1	6332.611047023	6335.544786905	2747.941	3993.410	2.9337	1245.470	-73.14	Birds
50	Spectrogram 1	1	6335.534975066	6335.878389434	4171.334	6879.736	0.3434	2708.402	-73.72	Birds
51	Spectrogram 1	1	6337.114681157	6337.526778398	4448.105	5377.265	0.4121	929.160	-73.62	Birds
52	Spectrogram 1	1	6336.928256214	6337.575837593	6523.888	7492.586	0.6476	968.699	-73.25	Birds
53	Spectrogram 1	1	6337.566025754	6337.978122995	5851.730	6345.964	0.4121	494.234	-73.06	Birds
54	Spectrogram 1	1	6336.849761502	6337.173552191	5733.114	6247.117	0.3238	514.003	-73.38	Birds
55	Spectrogram 1	1	6336.270862997	6336.712395755	2550.247	3815.486	0.4415	1265.239	-71.37	Birds
56	Spectrogram 1	1	6340.896789586	6341.142085563	4487.644	5476.112	0.2453	988.468	-75.91	Birds
57	Spectrogram 1	1	6342.182140504	6342.407812803	4962.109	5495.881	0.2257	533.773	-73.61	Birds
58	Spectrogram 1	1	6342.721791653	6342.996523147	4369.028	7433.278	0.2747	3064.250	-73.71	Birds
59	Spectrogram 1	1	6343.428244066	6343.791282112	4408.567	5416.804	0.3630	1008.237	-74.60	Birds
60	Spectrogram 1	1	6345.243434294	6345.645719696	4922.570	5574.959	0.4023	652.389	-74.12	Birds
61	Spectrogram 1	1	6345.783085443	6346.106876132	4645.799	7334.432	0.3238	2688.633	-75.30	Birds
62	Spectrogram 1	1	6346.597468086	6347.019377166	5159.802	5614.498	0.4219	454.695	-71.57	Birds
63	Spectrogram 1	1	6346.528464964	6346.744325423	6662.273	7571.664	0.2159	909.390	-71.82	Birds
64	Spectrogram 1	1	6346.724701745	6347.146610825	5930.807	6563.427	0.4219	632.619	-72.00	Birds
65	Spectrogram 1	1	6347.519460710	6347.862875077	6332.239	7606.124	0.3434	1273.885	-73.29	Birds
66	Spectrogram 1	1	6348.054205939	6348.358372950	2561.538	3504.213	0.3042	942.675	-68.74	Birds
67	Spectrogram 1	1	6348.912741858	6349.216908869	5160.264	5491.474	0.3042	331.210	-70.13	Birds
68	Spectrogram 1	1	6350.933980706	6351.149841166	5211.219	5491.474	0.2159	280.255	-68.81	Birds
69	Spectrogram 1	1	6352.461395858	6352.814622065	5007.398	5465.996	0.3532	458.599	-72.12	Birds
70	Spectrogram 1	1	6354.021478271	6354.256962408	5211.219	5491.474	0.2355	280.255	-68.87	Birds
71	Spectrogram 1	1	6355.954410567	6356.229142061	5185.742	5567.907	0.2747	382.166	-70.02	Birds
72	Spectrogram 1	1	6354.520422185	6354.697035288	5826.896	6005.408	0.1766	178.512	-72.84	Birds
73	Spectrogram 1	1	6357.660210688	6357.895694825	5231.854	5549.210	0.2355	317.355	-69.53	Birds
74	Spectrogram 1	1	6359.347847008	6359.612766663	5172.350	5549.210	0.2649	376.860	-69.77	Birds
75	Spectrogram 1	1	6356.168811149	6356.443542643	4656.648	6183.920	0.2747	1527.273	-75.75	Birds
76	Spectrogram 1	1	6356.639779424	6356.816392528	4458.301	5767.391	0.1766	1309.091	-75.43	Birds
77	Spectrogram 1	1	6357.405102872	6357.630775170	3982.267	5350.863	0.2257	1368.595	-76.14	Birds
78	Spectrogram 1	1	6357.994695034	6359.996310204	2851.689	3724.416	2.0016	872.727	-69.40	Birds
79	Spectrogram 1	1	6340.097384279	6342.542448501	2860.021	3900.671	2.4451	1040.650	-71.82	Birds
80	Spectrogram 1	1	6356.922282477	6357.239235246	5987.036	6724.741	0.3170	737.705	-72.64	Birds
81	Spectrogram 1	1	6300.000000000	6359.999979167	6754.967	7072.848	60.0000	317.881	-71.19	Insects
