Selection	View	Channel	Begin Time (s)	End Time (s)	Low Freq (Hz)	High Freq (Hz)	Delta Time (s)	Delta Freq (Hz)	Avg Power Density (dB FS/Hz)	Annotation
1	Spectrogram 1	1	5820.000000000	5879.999979167	5705.660	5977.358	60.0000	271.698	-58.82	Insects
2	Spectrogram 1	1	5820.191999933	5822.111999267	6203.774	7109.434	1.9200	905.660	-65.17	Insects
3	Spectrogram 1	1	5825.039998250	5828.831996933	6249.057	7064.151	3.7920	815.094	-70.28	Insects
4	Spectrogram 1	1	5833.583995283	5836.175994383	6158.491	7064.151	2.5920	905.660	-68.53	Insects
5	Spectrogram 1	1	5839.967993067	5842.031992350	6339.623	7290.566	2.0640	950.943	-68.92	Insects
6	Spectrogram 1	1	5849.423989783	5860.751985850	6203.774	7516.981	11.3280	1313.208	-71.22	Insects
7	Spectrogram 1	1	5870.735982383	5879.231979433	6294.340	7154.717	8.4960	860.377	-68.82	Insects
8	Spectrogram 1	1	5861.519985583	5870.591982433	6249.057	7290.566	9.0720	1041.509	-71.69	Insects
9	Spectrogram 1	1	5820.305470023	5820.746704502	2083.019	5275.472	0.4412	3192.453	-63.79	Birds
10	Spectrogram 1	1	5820.610940047	5820.941865906	3260.377	3645.283	0.3309	384.906	-62.83	Birds
11	Spectrogram 1	1	5821.612202901	5821.917672925	3283.019	3600.000	0.3055	316.981	-61.60	Birds
12	Spectrogram 1	1	5822.672862705	5823.003788563	3305.660	3554.717	0.3309	249.057	-63.23	Birds
13	Spectrogram 1	1	5820.823072008	5821.060659803	1335.849	1924.528	0.2376	588.679	-55.15	Birds
14	Spectrogram 1	1	5821.204909537	5821.510379560	928.302	2649.057	0.3055	1720.755	-57.42	Birds
15	Spectrogram 1	1	5821.841305419	5822.214657670	1403.774	2173.585	0.3734	769.811	-54.86	Birds
16	Spectrogram 1	1	5822.011010987	5822.112834329	4505.660	5139.623	0.1018	633.962	-68.45	Birds
17	Spectrogram 1	1	5823.682610838	5823.962625026	3328.302	3622.642	0.2800	294.340	-61.42	Birds
18	Spectrogram 1	1	5823.920198634	5824.157786430	1267.925	1924.528	0.2376	656.604	-58.57	Birds
19	Spectrogram 1	1	5824.624476743	5824.921461488	3237.736	3667.925	0.2970	430.189	-63.43	Birds
20	Spectrogram 1	1	5823.784434179	5824.013536696	4143.396	4935.849	0.2291	792.453	-71.45	Birds
21	Spectrogram 1	1	5824.870549818	5825.260872625	2037.736	5479.245	0.3903	3441.509	-63.52	Birds
22	Spectrogram 1	1	5825.829386280	5826.228194366	3305.660	3600.000	0.3988	294.340	-61.03	Birds
23	Spectrogram 1	1	5825.591798484	5825.880297951	1200.000	1947.170	0.2885	747.170	-61.26	Birds
24	Spectrogram 1	1	5825.939694900	5826.143341582	4188.679	5071.698	0.2036	883.019	-72.69	Birds
25	Spectrogram 1	1	5827.713727585	5827.866462597	3237.736	3667.925	0.1527	430.189	-66.26	Birds
26	Spectrogram 1	1	5828.477402644	5828.961063514	498.113	1064.151	0.4837	566.038	-65.80	Birds
27	Spectrogram 1	1	5828.519829036	5828.893181287	4460.377	5116.981	0.3734	656.604	-70.02	Birds
28	Spectrogram 1	1	5829.249562981	5829.351386322	3283.019	3645.283	0.1018	362.264	-62.79	Birds
29	Spectrogram 1	1	5830.513869466	5830.641148643	3237.736	3667.925	0.1273	430.189	-65.29	Birds
30	Spectrogram 1	1	5831.031471450	5831.150265348	3283.019	3622.642	0.1188	339.623	-62.38	Birds
31	Spectrogram 1	1	5831.608470384	5831.718779003	3305.660	3622.642	0.1103	316.981	-63.03	Birds
32	Spectrogram 1	1	5832.100616532	5832.236380987	3396.226	3645.283	0.1358	249.057	-62.32	Birds
33	Spectrogram 1	1	5832.575792124	5832.711556579	3305.660	3645.283	0.1358	339.623	-63.16	Birds
34	Spectrogram 1	1	5833.067938273	5833.212188006	3260.377	3713.208	0.1442	452.830	-65.50	Birds
35	Spectrogram 1	1	5833.483716916	5833.585540257	3305.660	3622.642	0.1018	316.981	-62.25	Birds
36	Spectrogram 1	1	5834.043745292	5834.137083355	3373.585	3645.283	0.0933	271.698	-62.00	Birds
37	Spectrogram 1	1	5834.688626453	5834.841361465	3237.736	3690.566	0.1527	452.830	-66.13	Birds
38	Spectrogram 1	1	5832.737012414	5833.059452995	498.113	1018.868	0.3224	520.755	-63.18	Birds
39	Spectrogram 1	1	5829.122283804	5829.453209663	6543.396	7539.623	0.3309	996.226	-66.09	Birds
40	Spectrogram 1	1	5834.832876186	5835.087434539	2105.660	5569.811	0.2546	3464.151	-64.70	Birds
41	Spectrogram 1	1	5834.991331940	5835.237405014	337.711	1958.724	0.2461	1621.013	-62.80	Birds
42	Spectrogram 1	1	5835.144066952	5835.288316685	3264.540	3602.251	0.1442	337.711	-64.71	Birds
43	Spectrogram 1	1	5835.856830340	5835.984109516	3219.512	3669.794	0.1273	450.281	-65.69	Birds
44	Spectrogram 1	1	5836.306550096	5836.569593728	3309.568	3669.794	0.2630	360.225	-63.87	Birds
45	Spectrogram 1	1	5837.019313484	5837.290842394	3354.597	3714.822	0.2715	360.225	-63.68	Birds
46	Spectrogram 1	1	5837.723591594	5837.952694111	3309.568	3647.280	0.2291	337.711	-62.39	Birds
47	Spectrogram 1	1	5838.580604715	5838.860618903	3332.083	3714.822	0.2800	382.739	-62.65	Birds
48	Spectrogram 1	1	5838.359987476	5838.716369170	2251.407	4502.814	0.3564	2251.407	-64.49	Birds
49	Spectrogram 1	1	5839.318823938	5839.709146746	495.310	1080.675	0.3903	585.366	-65.53	Birds
50	Spectrogram 1	1	5839.437617836	5839.819455366	3332.083	3602.251	0.3818	270.169	-59.50	Birds
51	Spectrogram 1	1	5840.286145679	5840.591615703	2206.379	5425.891	0.3055	3219.512	-65.21	Birds
52	Spectrogram 1	1	5840.998909067	5841.092247130	3219.512	3647.280	0.0933	427.767	-63.68	Birds
53	Spectrogram 1	1	5841.711672455	5842.076539427	2026.266	5178.236	0.3649	3151.970	-66.06	Birds
54	Spectrogram 1	1	5837.036284041	5837.401151014	3461.669	11859.418	0.3649	8397.749	-63.96	Birds
55	Spectrogram 1	1	5839.768543695	5839.972190377	2043.283	12624.896	0.2036	10581.614	-62.42	Birds
56	Spectrogram 1	1	5840.837688777	5841.160129357	6028.273	11454.165	0.3224	5425.891	-62.58	Birds
57	Spectrogram 1	1	5841.940774973	5842.220789161	6378.289	13312.623	0.2800	6934.334	-63.49	Birds
58	Spectrogram 1	1	5842.809894191	5843.064452544	6558.401	12006.807	0.2546	5448.405	-60.95	Birds
59	Spectrogram 1	1	5843.285069783	5843.573569249	3335.224	6982.504	0.2885	3647.280	-65.77	Birds
60	Spectrogram 1	1	5844.014803728	5844.396641257	427.767	990.619	0.3818	562.852	-65.45	Birds
61	Spectrogram 1	1	5844.677249690	5845.008175549	1936.210	5065.666	0.3309	3129.456	-64.60	Birds
62	Spectrogram 1	1	5845.822762278	5846.017923682	1170.732	1913.696	0.1952	742.964	-58.85	Birds
63	Spectrogram 1	1	5846.781598740	5846.976760144	1193.246	2138.837	0.1952	945.591	-58.77	Birds
64	Spectrogram 1	1	5847.188892105	5847.494362128	1170.732	4592.871	0.3055	3422.139	-57.29	Birds
65	Spectrogram 1	1	5845.483351141	5845.771850607	2994.371	3242.026	0.2885	247.655	-71.55	Birds
66	Spectrogram 1	1	5847.053127650	5847.324656559	2994.371	3354.597	0.2715	360.225	-63.01	Birds
67	Spectrogram 1	1	5847.893170214	5848.351375249	3061.914	3309.568	0.4582	247.655	-71.42	Birds
68	Spectrogram 1	1	5843.972971580	5844.363294388	5517.126	13689.733	0.3903	8172.608	-55.35	Birds
69	Spectrogram 1	1	5845.245763345	5845.653056709	6034.949	11325.756	0.4073	5290.807	-61.29	Birds
70	Spectrogram 1	1	5846.238540921	5846.679775399	2228.893	14342.641	0.4412	12113.748	-58.01	Birds
71	Spectrogram 1	1	5847.519817963	5847.850743822	3801.867	12559.841	0.3309	8757.974	-59.37	Birds
72	Spectrogram 1	1	5848.631520407	5848.979416822	2318.949	5088.180	0.3479	2769.231	-64.98	Birds
73	Spectrogram 1	1	5848.987902101	5849.191548783	1440.901	1936.210	0.2036	495.310	-57.92	Birds
74	Spectrogram 1	1	5849.709150767	5850.124929410	3016.886	3467.167	0.4158	450.281	-65.97	Birds
75	Spectrogram 1	1	5850.421914155	5850.897089747	3151.970	3512.195	0.4752	360.225	-60.44	Birds
76	Spectrogram 1	1	5851.686220641	5851.966234829	3219.512	3512.195	0.2800	292.683	-60.18	Birds
77	Spectrogram 1	1	5852.594145433	5852.975982962	3084.428	3467.167	0.3818	382.739	-64.06	Birds
78	Spectrogram 1	1	5850.854663355	5851.168618657	2093.809	6168.856	0.3140	4075.047	-60.71	Birds
79	Spectrogram 1	1	5850.057047183	5850.396458320	2307.038	11988.088	0.3394	9681.051	-61.29	Birds
80	Spectrogram 1	1	5849.149122391	5849.497018806	3230.115	14161.351	0.3479	10931.236	-55.96	Birds
81	Spectrogram 1	1	5851.563372982	5851.911269398	2183.865	4435.272	0.3479	2251.407	-61.17	Birds
82	Spectrogram 1	1	5853.531957578	5853.828942323	3196.998	3422.139	0.2970	225.141	-59.82	Birds
83	Spectrogram 1	1	5853.727118981	5854.142897624	2228.893	6236.398	0.4158	4007.505	-62.25	Birds
84	Spectrogram 1	1	5854.592617381	5855.093248808	3174.484	3534.709	0.5006	360.225	-64.41	Birds
85	Spectrogram 1	1	5854.635043773	5854.923543240	1395.872	1913.696	0.2885	517.824	-59.00	Birds
86	Spectrogram 1	1	5851.767019665	5852.030063296	1260.788	1846.154	0.2630	585.366	-53.72	Birds
87	Spectrogram 1	1	5855.152645757	5855.492056894	787.992	2611.632	0.3394	1823.640	-54.89	Birds
88	Spectrogram 1	1	5855.339321883	5855.797526918	1778.612	4480.300	0.4582	2701.689	-64.21	Birds
89	Spectrogram 1	1	5855.704188855	5856.179364447	3129.456	3444.653	0.4752	315.197	-63.76	Birds
90	Spectrogram 1	1	5856.815760329	5857.367303427	3174.484	3444.653	0.5515	270.169	-60.57	Birds
91	Spectrogram 1	1	5854.227750409	5854.635043773	2318.949	11752.345	0.4073	9433.396	-63.37	Birds
92	Spectrogram 1	1	5857.137405328	5857.493787022	2183.865	4772.983	0.3564	2589.118	-63.83	Birds
93	Spectrogram 1	1	5857.977447892	5858.410197092	3196.998	3422.139	0.4327	225.141	-59.62	Birds
94	Spectrogram 1	1	5858.265947359	5858.707181837	2634.146	5110.694	0.4412	2476.548	-65.65	Birds
95	Spectrogram 1	1	5859.122960480	5859.598136072	3061.914	3489.681	0.4752	427.767	-62.42	Birds
96	Spectrogram 1	1	5859.479342174	5859.844209146	2228.893	4367.730	0.3649	2138.837	-62.39	Birds
97	Spectrogram 1	1	5859.946032487	5860.353325852	495.310	968.105	0.4073	472.795	-65.06	Birds
98	Spectrogram 1	1	5860.276958346	5860.701222267	3196.998	3467.167	0.4243	270.169	-63.15	Birds
99	Spectrogram 1	1	5860.607884205	5860.998207012	2296.435	5538.462	0.3903	3242.026	-59.94	Birds
100	Spectrogram 1	1	5861.532779553	5861.617632338	3084.428	3489.681	0.0849	405.253	-65.36	Birds
101	Spectrogram 1	1	5861.867673687	5862.402246228	2116.323	5110.694	0.5346	2994.371	-66.06	Birds
102	Spectrogram 1	1	5863.284715185	5863.539273538	3467.167	5178.236	0.2546	1711.069	-64.80	Birds
103	Spectrogram 1	1	5863.445935475	5863.615641043	3174.484	3534.709	0.1697	360.225	-67.54	Birds
104	Spectrogram 1	1	5864.438713051	5864.803580023	2093.809	4637.899	0.3649	2544.090	-62.99	Birds
105	Spectrogram 1	1	5865.202388109	5865.414520070	3039.400	3579.737	0.2121	540.338	-69.04	Birds
106	Spectrogram 1	1	5865.753931207	5866.008489560	3264.540	3579.737	0.2546	315.197	-67.69	Birds
107	Spectrogram 1	1	5863.573214651	5864.141728306	225.141	607.880	0.5685	382.739	-65.78	Domestic mammals
108	Spectrogram 1	1	5866.475179874	5866.840046846	2454.034	4863.039	0.3649	2409.006	-65.08	Birds
109	Spectrogram 1	1	5866.961534946	5867.300946083	3128.571	3450.000	0.3394	321.429	-64.65	Birds
110	Spectrogram 1	1	5867.691268890	5867.979768357	2485.714	5292.857	0.2885	2807.143	-64.14	Birds
111	Spectrogram 1	1	5867.920371408	5868.242811988	3300.000	3600.000	0.3224	300.000	-63.49	Birds
112	Spectrogram 1	1	5868.488885063	5868.582223125	3128.571	3471.429	0.0933	342.857	-64.38	Birds
113	Spectrogram 1	1	5868.709502302	5868.998001768	1971.429	4928.571	0.2885	2957.143	-63.18	Birds
114	Spectrogram 1	1	5869.116795666	5869.456206803	3257.143	3642.857	0.3394	385.714	-64.39	Birds
115	Spectrogram 1	1	5869.702279878	5869.965323509	3128.571	3492.857	0.2630	364.286	-66.69	Birds
116	Spectrogram 1	1	5866.970020224	5867.351857753	450.000	1050.000	0.3818	600.000	-65.45	Birds
117	Spectrogram 1	1	5867.784606953	5868.387061721	257.143	600.000	0.6025	342.857	-66.39	Domestic mammals
118	Spectrogram 1	1	5870.678086897	5871.042953869	2035.714	5335.714	0.3649	3300.000	-63.84	Birds
119	Spectrogram 1	1	5870.508381328	5870.601719391	3107.143	3535.714	0.0933	428.571	-63.23	Birds
120	Spectrogram 1	1	5871.543585297	5871.653893916	3321.429	3600.000	0.1103	278.571	-64.76	Birds
121	Spectrogram 1	1	5871.933908104	5872.332716190	2142.857	4992.857	0.3988	2850.000	-64.41	Birds
122	Spectrogram 1	1	5871.686576140	5872.246604516	257.143	578.571	0.5600	321.429	-66.34	Domestic mammals
123	Spectrogram 1	1	5872.916941512	5873.078161802	3214.286	3707.143	0.1612	492.857	-67.03	Birds
124	Spectrogram 1	1	5873.409087660	5873.553337394	3321.429	3578.571	0.1442	257.143	-64.06	Birds
125	Spectrogram 1	1	5873.824866303	5874.079424656	2400.000	5485.714	0.2546	3085.714	-62.17	Birds
126	Spectrogram 1	1	5874.283071338	5874.452776907	3257.143	3621.429	0.1697	364.286	-65.63	Birds
127	Spectrogram 1	1	5874.775217487	5874.927952499	3300.000	3600.000	0.1527	300.000	-64.45	Birds
128	Spectrogram 1	1	5875.080687511	5875.504951432	2164.286	4628.571	0.4243	2464.286	-60.61	Birds
129	Spectrogram 1	1	5875.335245864	5875.428583926	3342.857	3642.857	0.0933	300.000	-62.48	Birds
130	Spectrogram 1	1	5875.980127024	5876.081950365	3300.000	3600.000	0.1018	300.000	-62.73	Birds
131	Spectrogram 1	1	5876.158317871	5876.489243730	2250.000	4692.857	0.3309	2442.857	-61.36	Birds
132	Spectrogram 1	1	5875.657686444	5876.200744263	342.857	557.143	0.5431	214.286	-65.92	Domestic mammals
133	Spectrogram 1	1	5876.692890412	5876.794713753	3878.571	11828.571	0.1018	7950.000	-61.97	Birds
134	Spectrogram 1	1	5876.845625424	5877.057757384	4564.286	11764.286	0.2121	7200.000	-62.32	Birds
135	Spectrogram 1	1	5876.905022373	5877.159580726	2592.857	4971.429	0.2546	2378.571	-66.47	Birds
136	Spectrogram 1	1	5877.558388812	5877.940226341	2035.714	4328.571	0.3818	2292.857	-60.55	Birds
137	Spectrogram 1	1	5878.126902466	5878.296608035	3235.714	3707.143	0.1697	471.429	-65.95	Birds
138	Spectrogram 1	1	5878.525710552	5878.627533894	3342.857	3600.000	0.1018	257.143	-63.14	Birds
139	Spectrogram 1	1	5878.347519705	5878.746327792	771.429	1114.286	0.3988	342.857	-70.45	Birds
140	Spectrogram 1	1	5878.483284160	5879.017856701	3107.143	7778.571	0.5346	4671.429	-64.06	Birds
141	Spectrogram 1	1	5879.034827258	5879.408179509	2464.286	5207.143	0.3734	2742.857	-69.32	Birds
142	Spectrogram 1	1	5878.975430309	5879.323326725	3321.429	3642.857	0.3479	321.429	-64.08	Birds
143	Spectrogram 1	1	5879.815472874	5879.942752050	3107.143	3835.714	0.1273	728.571	-66.38	Birds
144	Spectrogram 1	1	5879.484547015	5879.679708419	1285.714	1907.143	0.1952	621.429	-63.76	Birds
