Selection	View	Channel	Begin Time (s)	End Time (s)	Low Freq (Hz)	High Freq (Hz)	Delta Time (s)	Delta Freq (Hz)	Avg Power Density (dB FS/Hz)	Annotation
1	Spectrogram 1	1	40321.815849584	40322.291025176	3186.885	5075.410	0.4752	1888.525	-61.63	Birds
2	Spectrogram 1	1	40324.174756987	40324.607506186	3068.852	5114.754	0.4327	2045.902	-61.98	Birds
3	Spectrogram 1	1	40325.948180178	40326.253650201	3383.607	4367.213	0.3055	983.607	-67.62	Birds
4	Spectrogram 1	1	40326.627002452	40327.076722209	2990.164	5114.754	0.4497	2124.590	-62.77	Birds
5	Spectrogram 1	1	40328.879468875	40329.397070859	3029.508	5114.754	0.5176	2085.246	-64.08	Birds
6	Spectrogram 1	1	40331.611728529	40332.061448286	2990.164	5036.066	0.4497	2045.902	-65.04	Birds
7	Spectrogram 1	1	40332.935431964	40333.470004505	2400.000	3659.016	0.5346	1259.016	-65.89	Birds
8	Spectrogram 1	1	40334.445811524	40334.912501838	3108.197	5114.754	0.4667	2006.557	-64.08	Birds
9	Spectrogram 1	1	40336.685925029	40337.076247837	3304.918	5311.475	0.3903	2006.557	-62.16	Birds
10	Spectrogram 1	1	40338.965584571	40339.389848492	3304.918	5193.443	0.4243	1888.525	-62.43	Birds
11	Spectrogram 1	1	40341.528138656	40341.986343691	3226.230	5311.475	0.4582	2085.246	-62.86	Birds
12	Spectrogram 1	1	40344.040158861	40344.532305010	3304.918	5390.164	0.4921	2085.246	-63.79	Birds
13	Spectrogram 1	1	40346.577257111	40347.018491590	2911.475	5154.098	0.4412	2242.623	-63.00	Birds
14	Spectrogram 1	1	40349.156781754	40349.547104561	3147.541	5311.475	0.3903	2163.934	-63.97	Birds
15	Spectrogram 1	1	40348.749488389	40349.165267032	2832.787	3422.951	0.4158	590.164	-64.91	Birds
16	Spectrogram 1	1	40352.310888282	40352.726666925	3304.918	4996.721	0.4158	1691.803	-63.80	Birds
17	Spectrogram 1	1	40354.924354038	40355.340132681	3344.262	5154.098	0.4158	1809.836	-63.71	Birds
18	Spectrogram 1	1	40358.749839900	40359.004398252	3816.393	5508.197	0.2546	1691.803	-64.94	Birds
19	Spectrogram 1	1	40362.706442244	40363.113735608	3777.049	5075.410	0.4073	1298.361	-64.95	Birds
20	Spectrogram 1	1	40363.928322337	40364.369556816	3265.574	5901.639	0.4412	2636.066	-63.30	Birds
21	Spectrogram 1	1	40366.049641944	40366.533302815	3265.574	5311.475	0.4837	2045.902	-64.34	Birds
22	Spectrogram 1	1	40367.593962618	40368.103079324	3068.852	5586.885	0.5091	2518.033	-63.94	Birds
23	Spectrogram 1	1	40370.017177013	40370.602661224	2990.164	6059.016	0.5855	3068.852	-62.38	Birds
24	Spectrogram 1	1	40372.342143302	40372.673069161	3501.639	4642.623	0.3309	1140.984	-67.17	Birds
25	Spectrogram 1	1	40374.302242619	40374.633168478	3304.918	5036.066	0.3309	1731.148	-66.12	Birds
26	Spectrogram 1	1	40375.634431332	40375.973842469	3501.639	4918.033	0.3394	1416.393	-60.23	Birds
27	Spectrogram 1	1	40376.270827214	40376.703576414	3265.574	4878.689	0.4327	1613.115	-64.56	Birds
28	Spectrogram 1	1	40377.153296171	40377.679383433	2911.475	5586.885	0.5261	2675.410	-62.00	Birds
29	Spectrogram 1	1	40378.317662785	40379.115278957	2990.164	5390.164	0.7976	2400.000	-62.39	Birds
30	Spectrogram 1	1	40320.033941114	40320.568513655	5940.984	7160.656	0.5346	1219.672	-59.95	Insects
31	Spectrogram 1	1	40321.552805952	40322.783171324	6137.705	7318.033	1.2304	1180.328	-57.20	Insects
32	Spectrogram 1	1	40323.368655536	40324.565079794	5980.328	7160.656	1.1964	1180.328	-56.51	Insects
33	Spectrogram 1	1	40325.091167057	40326.092429911	6059.016	7160.656	1.0013	1101.639	-55.96	Insects
34	Spectrogram 1	1	40326.669428844	40327.704632813	5704.918	7239.344	1.0352	1534.426	-57.37	Insects
35	Spectrogram 1	1	40328.168199796	40329.271285992	5862.295	7239.344	1.1031	1377.049	-57.67	Insects
36	Spectrogram 1	1	40329.695549913	40331.239870587	5901.639	7160.656	1.5443	1259.016	-58.11	Insects
37	Spectrogram 1	1	40331.494428940	40332.886014602	5939.799	7224.080	1.3916	1284.281	-57.14	Insects
38	Spectrogram 1	1	40333.429072421	40334.752775856	5939.799	7304.348	1.3237	1364.548	-57.28	Insects
39	Spectrogram 1	1	40335.177039777	40336.585595996	5859.532	7344.482	1.4086	1484.950	-58.35	Insects
40	Spectrogram 1	1	40336.840154349	40338.248710568	5939.799	7384.615	1.4086	1444.816	-58.40	Insects
41	Spectrogram 1	1	40338.452357251	40339.691207901	6220.736	7464.883	1.2389	1244.147	-57.75	Insects
42	Spectrogram 1	1	40340.072914834	40341.311765484	6020.067	7264.214	1.2389	1244.147	-57.42	Insects
43	Spectrogram 1	1	40341.820882190	40342.991850613	5819.398	7264.214	1.1710	1444.816	-57.58	Insects
44	Spectrogram 1	1	40343.433085091	40344.587082957	6180.602	7384.615	1.1540	1204.013	-56.31	Insects
45	Spectrogram 1	1	40345.350758016	40346.691432007	5739.130	7264.214	1.3407	1525.084	-57.54	Insects
46	Spectrogram 1	1	40347.064784258	40348.167870454	5779.264	7304.348	1.1031	1525.084	-57.44	Insects
47	Spectrogram 1	1	40348.778810501	40349.949778924	5819.398	7224.080	1.1710	1404.682	-57.40	Insects
48	Spectrogram 1	1	40350.518161982	40351.875806530	5979.933	7304.348	1.3576	1324.415	-57.70	Insects
49	Spectrogram 1	1	40352.181276554	40353.640744443	5698.997	7304.348	1.4595	1605.351	-58.85	Insects
50	Spectrogram 1	1	40353.793479455	40354.879595094	5939.799	7264.214	1.0861	1324.415	-57.27	Insects
51	Spectrogram 1	1	40355.303859015	40356.644533007	5819.398	7424.749	1.3407	1605.351	-62.01	Insects
52	Spectrogram 1	1	40357.527001963	40359.393763217	5819.398	7264.214	1.8668	1444.816	-58.73	Insects
53	Spectrogram 1	1	40359.580439343	40361.175671687	5819.398	7384.615	1.5952	1565.217	-58.92	Insects
54	Spectrogram 1	1	40361.478676296	40362.751468061	5899.666	7103.679	1.2728	1204.013	-57.39	Insects
55	Spectrogram 1	1	40363.158761425	40364.193965393	6060.201	7344.482	1.0352	1284.281	-57.20	Insects
56	Spectrogram 1	1	40364.753993770	40365.907991636	5899.666	7344.482	1.1540	1444.816	-57.54	Insects
57	Spectrogram 1	1	40366.315285000	40367.486253423	5899.666	7424.749	1.1710	1525.084	-58.07	Insects
58	Spectrogram 1	1	40367.927487902	40369.234220780	5899.666	7424.749	1.3067	1525.084	-58.25	Insects
59	Spectrogram 1	1	40369.624543587	40371.151893704	5939.799	7304.348	1.5274	1364.548	-58.34	Insects
60	Spectrogram 1	1	40371.120078275	40372.206193913	6180.602	7344.482	1.0861	1163.880	-58.13	Insects
61	Spectrogram 1	1	40372.291046698	40373.750514587	5859.532	7424.749	1.4595	1565.217	-59.18	Insects
62	Spectrogram 1	1	40373.971131826	40375.702128626	5698.997	7143.813	1.7310	1444.816	-58.66	Insects
63	Spectrogram 1	1	40375.668187512	40377.127655402	5739.130	7264.214	1.4595	1525.084	-58.39	Insects
64	Spectrogram 1	1	40377.365243198	40378.892593315	5618.729	7424.749	1.5274	1806.020	-59.46	Insects
65	Spectrogram 1	1	40379.248975009	40379.999979167	5819.398	7304.348	0.7510	1484.950	-57.15	Insects
66	Spectrogram 1	1	40327.789854324	40328.298971029	2568.562	3290.970	0.5091	722.408	-66.74	Birds
67	Spectrogram 1	1	40330.964151060	40331.306150941	2528.428	3170.569	0.3420	642.140	-66.77	Birds
68	Spectrogram 1	1	40354.668240375	40355.076240233	2574.257	3366.337	0.4080	792.079	-64.98	Birds
69	Spectrogram 1	1	40375.023069770	40375.599069570	2732.673	3247.525	0.5760	514.851	-66.32	Birds
