Selection	View	Channel	Begin Time (s)	End Time (s)	Low Freq (Hz)	High Freq (Hz)	Delta Time (s)	Delta Freq (Hz)	Avg Power Density (dB FS/Hz)	Annotation
1	Spectrogram 1	1	41580.000000000	41639.999979167	4848.485	6351.515	60.0000	1503.030	-55.00	Insects
2	Spectrogram 1	1	41580.763675059	41581.001262855	3418.182	4509.091	0.2376	1090.909	-66.97	Birds
3	Spectrogram 1	1	41580.857013121	41581.255821207	3078.788	6933.333	0.3988	3854.545	-58.41	Birds
4	Spectrogram 1	1	41581.866761254	41582.299510454	1987.879	2981.818	0.4327	993.939	-59.26	Birds
5	Spectrogram 1	1	41581.756452635	41581.900702368	1818.182	2521.212	0.1442	703.030	-65.03	Birds
6	Spectrogram 1	1	41582.664377426	41583.046214956	1357.576	2812.121	0.3818	1454.545	-57.36	Birds
7	Spectrogram 1	1	41582.121319607	41582.358907403	1212.121	2230.303	0.2376	1018.182	-64.75	Birds
8	Spectrogram 1	1	41582.443760187	41582.655892148	1284.848	2472.727	0.2121	1187.879	-64.19	Birds
9	Spectrogram 1	1	41583.385626093	41583.640184446	1745.455	2836.364	0.2546	1090.909	-56.78	Birds
10	Spectrogram 1	1	41583.080156069	41583.317743865	1187.879	2424.242	0.2376	1236.364	-64.71	Birds
11	Spectrogram 1	1	41584.302036163	41585.006314272	1309.091	3127.273	0.7043	1818.182	-60.19	Birds
12	Spectrogram 1	1	41585.464519308	41585.965150735	1866.667	3612.121	0.5006	1745.455	-59.30	Birds
13	Spectrogram 1	1	41586.058488798	41586.355473543	1575.758	4727.273	0.2970	3151.515	-58.57	Birds
14	Spectrogram 1	1	41586.516693833	41588.256175910	1648.485	4242.424	1.7395	2593.939	-58.15	Birds
15	Spectrogram 1	1	41591.531176294	41591.845131595	3054.545	4678.788	0.3140	1624.242	-60.90	Birds
16	Spectrogram 1	1	41592.218483846	41592.362733579	3806.061	4581.818	0.1442	775.758	-69.29	Birds
17	Spectrogram 1	1	41592.803968058	41593.016100018	3393.939	4484.848	0.2121	1090.909	-65.80	Birds
18	Spectrogram 1	1	41593.380966991	41593.559157838	3515.152	4290.909	0.1782	775.758	-68.19	Birds
19	Spectrogram 1	1	41592.031807721	41594.187068441	96.970	678.788	2.1553	581.818	-63.85	Mammals
20	Spectrogram 1	1	41596.378037926	41596.590169887	3393.939	4557.576	0.2121	1163.636	-64.70	Birds
21	Spectrogram 1	1	41597.464153565	41598.592695596	1769.697	3781.818	1.1285	2012.121	-62.37	Birds
22	Spectrogram 1	1	41598.847253949	41601.460719705	1818.182	4193.939	2.6135	2375.758	-63.70	Birds
23	Spectrogram 1	1	41603.146409757	41603.553703121	2860.606	4533.333	0.4073	1672.727	-69.81	Birds
24	Spectrogram 1	1	41604.164643168	41604.317378180	6472.727	7054.545	0.1527	581.818	-64.71	Birds
25	Spectrogram 1	1	41604.190099003	41604.385260407	3127.273	4921.212	0.1952	1793.939	-62.38	Birds
26	Spectrogram 1	1	41605.615625779	41607.592695653	72.727	678.788	1.9771	606.061	-61.74	Mammals
27	Spectrogram 1	1	41606.311418610	41606.557491685	4218.182	4969.697	0.2461	751.515	-61.11	Birds
28	Spectrogram 1	1	41607.380563692	41607.643607323	3006.061	5018.182	0.2630	2012.121	-60.60	Birds
29	Spectrogram 1	1	41608.890842584	41609.781796819	1559.567	3898.917	0.8910	2339.350	-64.08	Birds
30	Spectrogram 1	1	41610.621839383	41612.912864559	1906.137	3552.347	2.2910	1646.209	-64.57	Birds
31	Spectrogram 1	1	41611.589161124	41611.784322528	3205.776	4916.968	0.1952	1711.191	-60.96	Birds
32	Spectrogram 1	1	41613.727451288	41613.965039084	3292.419	4613.718	0.2376	1321.300	-66.44	Birds
33	Spectrogram 1	1	41616.060701551	41616.272833512	3270.758	4873.646	0.2121	1602.888	-60.58	Birds
34	Spectrogram 1	1	41621.508265453	41621.762823805	3357.401	4570.397	0.2546	1212.996	-66.51	Birds
35	Spectrogram 1	1	41623.222291695	41623.476850048	3227.437	6606.498	0.2546	3379.061	-56.70	Birds
36	Spectrogram 1	1	41625.547041530	41625.750688212	4375.451	5133.574	0.2036	758.123	-60.46	Birds
37	Spectrogram 1	1	41627.659875858	41627.863522541	3465.704	4743.682	0.2036	1277.978	-61.22	Birds
38	Spectrogram 1	1	41627.125303317	41627.982316439	7971.119	9162.455	0.8570	1191.336	-71.36	Birds
39	Spectrogram 1	1	41634.115450609	41634.395464797	331.034	537.931	0.2800	206.897	-64.98	Mammals
40	Spectrogram 1	1	41630.933471198	41631.137117881	3351.724	4531.034	0.2036	1179.310	-65.20	Birds
41	Spectrogram 1	1	41632.308086304	41632.571129935	3351.724	4344.828	0.2630	993.103	-68.09	Birds
42	Spectrogram 1	1	41631.917763496	41632.062013229	7303.448	8317.241	0.1442	1013.793	-68.34	Birds
43	Spectrogram 1	1	41632.800232453	41632.961452743	3186.207	4262.069	0.1612	1075.862	-67.59	Birds
44	Spectrogram 1	1	41633.216011096	41633.436628335	3620.690	4365.517	0.2206	744.828	-68.03	Birds
45	Spectrogram 1	1	41633.699671966	41633.937259762	3227.586	4737.931	0.2376	1510.345	-61.90	Birds
46	Spectrogram 1	1	41634.140906444	41634.327582570	3910.345	4675.862	0.1867	765.517	-65.93	Birds
47	Spectrogram 1	1	41634.751846491	41635.057316514	3227.586	4448.276	0.3055	1220.690	-66.79	Birds
48	Spectrogram 1	1	41637.127160540	41637.415660006	3062.069	4924.138	0.2885	1862.069	-62.11	Birds
49	Spectrogram 1	1	41639.180597919	41639.324847652	7489.655	8524.138	0.1442	1034.483	-68.67	Birds
